roi_number,Area,B180,B90,Bflip,Biovolume,BoundingBox_xwidth,BoundingBox_ywidth,ConvexArea,ConvexPerimeter,Eccentricity,EquivDiameter,Extent,H180,H90,Hflip,MajorAxisLength,MinorAxisLength,Orientation,Perimeter,RWcenter2total_powerratio,RWhalfpowerintegral,RepresentativeWidth,RotatedBoundingBox_xwidth,RotatedBoundingBox_ywidth,Solidity,SurfaceArea,maxFeretDiameter,minFeretDiameter,moment_invariant1,moment_invariant2,moment_invariant3,moment_invariant4,moment_invariant5,moment_invariant6,moment_invariant7,numBlobs,shapehist_kurtosis_normEqD,shapehist_mean_normEqD,shapehist_median_normEqD,shapehist_skewness_normEqD,summedArea,summedBiovolume,summedConvexArea,summedConvexPerimeter,summedMajorAxisLength,summedMinorAxisLength,summedPerimeter,summedSurfaceArea,texture_average_contrast,texture_average_gray_level,texture_entropy,texture_smoothness,texture_third_moment,texture_uniformity,Wedge01,Wedge02,Wedge03,Wedge04,Wedge05,Wedge06,Wedge07,Wedge08,Wedge09,Wedge10,Wedge11,Wedge12,Wedge13,Wedge14,Wedge15,Wedge16,Wedge17,Wedge18,Wedge19,Wedge20,Wedge21,Wedge22,Wedge23,Wedge24,Wedge25,Wedge26,Wedge27,Wedge28,Wedge29,Wedge30,Wedge31,Wedge32,Wedge33,Wedge34,Wedge35,Wedge36,Wedge37,Wedge38,Wedge39,Wedge40,Wedge41,Wedge42,Wedge43,Wedge44,Wedge45,Wedge46,Wedge47,Wedge48,Ring01,Ring02,Ring03,Ring04,Ring05,Ring06,Ring07,Ring08,Ring09,Ring10,Ring11,Ring12,Ring13,Ring14,Ring15,Ring16,Ring17,Ring18,Ring19,Ring20,Ring21,Ring22,Ring23,Ring24,Ring25,Ring26,Ring27,Ring28,Ring29,Ring30,Ring31,Ring32,Ring33,Ring34,Ring35,Ring36,Ring37,Ring38,Ring39,Ring40,Ring41,Ring42,Ring43,Ring44,Ring45,Ring46,Ring47,Ring48,Ring49,Ring50,HOG01,HOG02,HOG03,HOG04,HOG05,HOG06,HOG07,HOG08,HOG09,HOG10,HOG11,HOG12,HOG13,HOG14,HOG15,HOG16,HOG17,HOG18,HOG19,HOG20,HOG21,HOG22,HOG23,HOG24,HOG25,HOG26,HOG27,HOG28,HOG29,HOG30,HOG31,HOG32,HOG33,HOG34,HOG35,HOG36,HOG37,HOG38,HOG39,HOG40,HOG41,HOG42,HOG43,HOG44,HOG45,HOG46,HOG47,HOG48,HOG49,HOG50,HOG51,HOG52,HOG53,HOG54,HOG55,HOG56,HOG57,HOG58,HOG59,HOG60,HOG61,HOG62,HOG63,HOG64,HOG65,HOG66,HOG67,HOG68,HOG69,HOG70,HOG71,HOG72,HOG73,HOG74,HOG75,HOG76,HOG77,HOG78,HOG79,HOG80,HOG81,Area_over_PerimeterSquared,Area_over_Perimeter,H90_over_Hflip,H90_over_H180,Hflip_over_H180,summedConvexPerimeter_over_Perimeter,rotated_BoundingBox_solidity
1,2515,0.765314,0.747812,0.879873,101574.628174,65,63,3180.297490,203.594980,0.602211,56.587962,0.614164,4.563113,4.115037,2.195444,66.850960,53.369579,67.255697,256.557395,0.898944,12234442.978020,39.904762,64,67,0.790807,13579.713435,69.835329,61.181496,0.181771,0.001621,0.001002,0.000033,-0.000000,-0.000001,0.000000,1,1.998105,0.638739,0.682133,-0.304351,2515,101574.628174,3180.297490,203.594980,66.850960,53.369579,256.557395,13579.713435,63.460366,103.065209,6.858590,0.058321,2.156280,0.010647,0.016906,0.021703,0.019709,0.024339,0.018155,0.018652,0.024743,0.026588,0.022429,0.017567,0.018956,0.022944,0.017861,0.036651,0.039048,0.044742,0.041288,0.032480,0.026444,0.020375,0.018277,0.015664,0.014659,0.011837,0.012540,0.017446,0.013264,0.015123,0.017202,0.019017,0.016903,0.023212,0.030200,0.030037,0.029279,0.026057,0.013264,0.016493,0.010976,0.011304,0.010460,0.010290,0.016105,0.019015,0.019075,0.019896,0.017183,0.013639,4.961851,4.466636,1.511232,0.421398,0.307118,0.137049,0.128153,0.084436,0.077420,0.056318,0.046010,0.035633,0.033988,0.026239,0.022857,0.022956,0.021168,0.017399,0.015069,0.014769,0.012490,0.011173,0.012424,0.011666,0.011257,0.010766,0.009377,0.009144,0.008489,0.008136,0.007486,0.007426,0.007523,0.007147,0.006408,0.005946,0.005666,0.006438,0.005963,0.006603,0.006239,0.006646,0.005862,0.005400,0.005382,0.004823,0.005479,0.005511,0.005689,0.005668,0.113495,0.060169,0.742709,0.154723,0.500402,0.069470,0.130403,0.336942,0.148922,0.127436,0.104468,0.816496,0.154803,0.108080,0.178136,0.272252,0.375663,0.153485,0.250119,0.129910,0.828800,0.106992,0.149264,0.234227,0.231582,0.116509,0.279031,0.324233,0.261771,0.149110,0.127135,0.777057,0.191051,0.150496,0.205611,0.287590,0.349520,0.412399,0.317180,0.368160,0.320390,0.335431,0.287482,0.288406,0.301048,0.359087,0.263519,0.306910,0.407032,0.334945,0.286329,0.254615,0.187912,0.497424,0.291250,0.389205,0.226017,0.101839,0.776629,0.208769,0.120863,0.091643,0.180258,0.302328,0.503889,0.451514,0.389821,0.295432,0.265613,0.242561,0.203911,0.201544,0.394112,0.213709,0.358043,0.443750,0.250910,0.156669,0.236031,0.224683,0.529338,0.038209,9.802875,1.874353,0.901805,0.481129,0.793565,0.586287
2,8467,0.943381,0.754255,0.943499,702070.559854,136,100,9838.558306,365.116612,0.720016,103.829279,0.622574,2.452760,11.723893,2.414108,125.713256,87.239670,68.983645,436.102597,0.925895,29845204.056128,90.000000,94,141,0.860594,50104.417384,142.631417,89.922147,0.187999,0.006151,0.000149,0.000113,0.000000,0.000009,0.000000,3,2.027564,0.654956,0.705448,-0.217704,8853,703530.275794,11291.057486,628.114971,247.145062,115.583329,657.754401,51593.474138,68.685847,76.018299,7.043750,0.067645,4.979600,0.009721,0.011845,0.015176,0.016679,0.019575,0.018726,0.017434,0.016400,0.017962,0.014638,0.011679,0.012689,0.014230,0.011598,0.017402,0.019754,0.018651,0.023128,0.028799,0.024502,0.034528,0.045449,0.038551,0.031904,0.021805,0.026216,0.025705,0.025122,0.032432,0.023567,0.019002,0.023517,0.024773,0.024197,0.021235,0.028231,0.027230,0.016351,0.018468,0.014662,0.018144,0.020157,0.015182,0.016726,0.019145,0.019545,0.015507,0.012287,0.009498,13.187630,2.508467,0.520860,0.363467,0.209215,0.144791,0.109451,0.075043,0.061925,0.057585,0.048918,0.038788,0.036254,0.031137,0.029770,0.020559,0.022124,0.021132,0.017728,0.015045,0.015835,0.014053,0.013407,0.012506,0.010146,0.010315,0.009687,0.009025,0.008351,0.008811,0.009440,0.008477,0.007886,0.007751,0.007823,0.006775,0.007262,0.007178,0.007623,0.006749,0.006896,0.007294,0.006447,0.006866,0.006807,0.006724,0.006714,0.006932,0.007010,0.007114,0.176997,0.119573,0.636107,0.130931,0.435946,0.155510,0.362562,0.357183,0.243590,0.082825,0.135575,0.636100,0.133029,0.128850,0.323374,0.581214,0.292611,0.088515,0.266453,0.151767,0.678466,0.126151,0.158931,0.401213,0.403482,0.134107,0.250450,0.364615,0.502330,0.354390,0.152706,0.521913,0.157335,0.219964,0.217306,0.270286,0.171092,0.472666,0.444067,0.303089,0.209880,0.341575,0.478086,0.229539,0.127585,0.356249,0.180161,0.217164,0.370347,0.367801,0.461384,0.426185,0.160318,0.317527,0.283229,0.583084,0.365576,0.147605,0.584472,0.123200,0.155382,0.155402,0.138859,0.149502,0.540675,0.674141,0.313826,0.135139,0.129055,0.234928,0.176652,0.105126,0.328839,0.233115,0.594276,0.437554,0.267721,0.152952,0.235586,0.197011,0.321747,0.044520,19.415156,4.856408,4.779879,0.984242,0.954938,0.638298
3,2184,0.924771,0.859633,0.922018,85026.943370,75,48,2530.335465,192.670931,0.615932,52.732866,0.606667,2.597889,4.413499,2.244247,60.066571,47.320426,65.503330,203.267027,0.906309,9947298.351955,44.489796,49,77,0.863127,11006.944210,77.832105,48.000000,0.167254,0.001533,0.000069,0.000014,0.000000,0.000001,0.000000,1,2.103027,0.657216,0.703952,-0.166303,2184,85026.943370,2530.335465,192.670931,60.066571,47.320426,203.267027,11006.944210,68.548634,90.238553,7.090367,0.067393,3.500755,0.009176,0.021065,0.024341,0.023392,0.021311,0.018169,0.016017,0.012868,0.012365,0.010179,0.008238,0.009894,0.010658,0.005344,0.007447,0.008313,0.012639,0.014108,0.017103,0.032314,0.040817,0.058638,0.053868,0.051202,0.036576,0.029673,0.032705,0.028736,0.027713,0.021782,0.019749,0.018838,0.022313,0.025598,0.023668,0.021999,0.018799,0.013181,0.019898,0.014472,0.014899,0.014053,0.013612,0.012675,0.013262,0.016601,0.015608,0.018318,0.014980,4.789467,5.325058,1.996945,0.485314,0.241475,0.174258,0.124150,0.076945,0.066818,0.056882,0.051431,0.031735,0.034176,0.029322,0.028366,0.019201,0.021693,0.017972,0.016131,0.013385,0.014513,0.012855,0.012306,0.010546,0.010219,0.010040,0.009273,0.008258,0.008846,0.009066,0.007953,0.007270,0.007090,0.007530,0.006693,0.006159,0.006024,0.006591,0.005771,0.006120,0.006065,0.006200,0.005562,0.005764,0.005758,0.005764,0.005393,0.005620,0.005508,0.005726,0.136716,0.097303,0.732285,0.117249,0.465150,0.079274,0.247854,0.303047,0.214322,0.116441,0.151396,0.763646,0.120982,0.148278,0.288129,0.405846,0.262785,0.164185,0.271425,0.150522,0.792188,0.089535,0.161680,0.316970,0.270776,0.047346,0.256751,0.346184,0.435573,0.253582,0.153293,0.672273,0.134368,0.108860,0.159881,0.308562,0.258572,0.449497,0.528199,0.308227,0.360120,0.327247,0.198390,0.157321,0.237082,0.398938,0.201854,0.485093,0.289981,0.395108,0.335360,0.207337,0.128070,0.390808,0.221281,0.456490,0.350066,0.130070,0.716684,0.115667,0.205549,0.152732,0.102924,0.192295,0.450925,0.676018,0.255182,0.251060,0.168758,0.297581,0.207421,0.120334,0.408172,0.164684,0.538253,0.248835,0.268838,0.174727,0.255075,0.229472,0.483853,0.052859,10.744487,1.966584,1.698879,0.863873,0.947871,0.577790
4,9936,0.892512,0.845713,0.875403,804641.334699,160,116,13056.347257,428.694515,0.572287,112.476256,0.535345,5.023190,8.252187,5.886376,127.534555,104.585145,87.448362,662.032575,0.931265,31486690.162060,84.203390,118,161,0.761009,83558.723924,164.970244,109.953576,0.171097,0.001123,0.000174,0.000014,0.000000,0.000000,-0.000000,1,2.038555,0.681709,0.738603,-0.225885,9936,804641.334699,13056.347257,428.694515,127.534555,104.585145,662.032575,83558.723924,60.184055,46.993961,6.364422,0.052764,6.059802,0.019942,0.014900,0.017647,0.016097,0.020581,0.022411,0.021703,0.021628,0.021071,0.023328,0.023201,0.024095,0.025070,0.016184,0.020474,0.018875,0.025291,0.021480,0.019884,0.020486,0.025689,0.044194,0.037405,0.037648,0.028241,0.031091,0.023806,0.022122,0.023314,0.019676,0.016642,0.014956,0.014644,0.015071,0.014302,0.022567,0.021375,0.010484,0.014198,0.018938,0.022855,0.022286,0.019583,0.015706,0.013489,0.015438,0.014450,0.015491,0.009932,14.965981,2.314633,0.486868,0.252747,0.219402,0.173987,0.111660,0.077384,0.066561,0.048766,0.045630,0.040075,0.035190,0.030682,0.026533,0.022323,0.020780,0.017547,0.014926,0.013677,0.016711,0.013964,0.012350,0.011728,0.011234,0.010048,0.008855,0.008609,0.009105,0.008209,0.007647,0.007848,0.007588,0.007914,0.006621,0.006208,0.006488,0.006703,0.006430,0.006315,0.006300,0.006528,0.006188,0.006164,0.006100,0.006066,0.005843,0.005680,0.005458,0.005689,0.088517,0.087156,0.636310,0.075222,0.447791,0.083558,0.339395,0.385622,0.320354,0.044498,0.064489,0.646683,0.061050,0.137092,0.258858,0.561082,0.393246,0.129141,0.297489,0.098503,0.642388,0.073100,0.280514,0.458424,0.328085,0.163550,0.246093,0.443526,0.343715,0.119256,0.083646,0.628932,0.108332,0.150175,0.244099,0.417728,0.280728,0.432100,0.324564,0.277492,0.369053,0.391033,0.322546,0.312883,0.247177,0.378549,0.099432,0.199657,0.242669,0.572252,0.530715,0.131247,0.088520,0.337444,0.434334,0.577961,0.297067,0.125879,0.581917,0.092972,0.091071,0.086274,0.101054,0.195046,0.469881,0.803131,0.238252,0.096876,0.095541,0.102303,0.088303,0.051073,0.306605,0.103965,0.721689,0.334398,0.299095,0.195560,0.116240,0.106505,0.331618,0.022670,15.008325,1.401913,1.642818,1.171840,0.647543,0.523002
5,1743,0.837543,0.625718,0.857061,32874.995198,74,40,2323.934648,188.869296,0.807645,47.108986,0.588851,3.109456,7.335073,3.071889,63.715233,37.570900,84.857392,223.651804,0.869141,11339283.853044,24.033960,40,75,0.750021,5663.631264,77.490085,40.000000,0.196072,0.009006,0.000114,0.000030,-0.000000,0.000000,-0.000000,1,2.335975,0.686522,0.706907,0.069026,1743,32874.995198,2323.934648,188.869296,63.715233,37.570900,223.651804,5663.631264,82.612609,107.777395,7.054319,0.094988,2.677200,0.009620,0.016479,0.020517,0.017983,0.019204,0.014825,0.013243,0.012957,0.014403,0.013660,0.011127,0.016928,0.022873,0.015181,0.022199,0.020346,0.030834,0.031528,0.026983,0.029096,0.030790,0.036719,0.036039,0.035792,0.030576,0.032165,0.031623,0.028777,0.032370,0.025934,0.025646,0.030494,0.029428,0.021584,0.016003,0.017618,0.020876,0.015970,0.014505,0.011717,0.012150,0.011973,0.010730,0.010807,0.010894,0.012348,0.012136,0.013554,0.010415,2.591708,3.262091,1.723593,0.509320,0.255041,0.182246,0.117784,0.077065,0.058331,0.052445,0.043317,0.035136,0.034783,0.026603,0.028512,0.023282,0.019737,0.018507,0.015271,0.014085,0.014556,0.013201,0.012603,0.010120,0.009645,0.010201,0.008838,0.008066,0.008913,0.008748,0.008248,0.007419,0.007941,0.007467,0.006710,0.006681,0.007059,0.006740,0.005961,0.005704,0.006076,0.005799,0.005627,0.006588,0.006210,0.005930,0.006241,0.006355,0.005869,0.005114,0.041455,0.060354,0.776404,0.095100,0.467589,0.067051,0.199890,0.312744,0.147950,0.041544,0.083330,0.820116,0.116530,0.059884,0.192586,0.401194,0.291891,0.135376,0.263245,0.111764,0.846866,0.124524,0.068985,0.211885,0.296164,0.082278,0.203430,0.281974,0.178650,0.149284,0.094514,0.678386,0.119301,0.291241,0.442528,0.319783,0.241560,0.169317,0.241584,0.345665,0.177866,0.329285,0.587427,0.418859,0.273046,0.346901,0.131473,0.230536,0.441871,0.224179,0.403869,0.523378,0.135303,0.329207,0.322902,0.457924,0.284753,0.094029,0.725102,0.127948,0.127257,0.097101,0.168363,0.308323,0.447954,0.593129,0.417766,0.172743,0.186587,0.218570,0.183425,0.178518,0.410241,0.132601,0.464286,0.476152,0.225334,0.225188,0.248628,0.204525,0.408294,0.034846,7.793364,2.387805,2.358957,0.987919,0.844479,0.580667
6,324,0.668731,0.650155,0.749226,4516.955737,28,26,552.783776,82.567551,0.458966,20.310825,0.445055,2.458880,1.799895,1.711106,24.653402,21.903413,-80.352263,102.118795,0.665127,5721759.184660,12.423077,26,28,0.586124,1825.992037,30.082299,25.933909,0.209142,0.000606,0.000434,0.000441,0.000000,-0.000006,0.000000,1,2.152357,0.681003,0.699758,-0.150059,324,4516.955737,552.783776,82.567551,24.653402,21.903413,102.118795,1825.992037,64.910075,93.055556,5.872264,0.060852,-0.014305,0.027130,0.009364,0.013973,0.013227,0.016311,0.018268,0.017928,0.017140,0.016215,0.015323,0.012934,0.015670,0.019446,0.015097,0.024538,0.022535,0.029562,0.034690,0.035730,0.040953,0.047259,0.060886,0.055651,0.047491,0.031499,0.027546,0.033627,0.031697,0.032690,0.023509,0.020071,0.019412,0.020852,0.017202,0.012387,0.011318,0.009870,0.005755,0.008172,0.008518,0.008340,0.009181,0.009345,0.009293,0.008882,0.010143,0.010891,0.010886,0.008723,0.234165,0.533198,0.676988,0.528760,0.370143,0.178711,0.096395,0.068451,0.051364,0.046695,0.051673,0.047288,0.038864,0.024961,0.021868,0.019316,0.017439,0.016170,0.016561,0.015529,0.012293,0.010376,0.012619,0.014653,0.013118,0.011083,0.010717,0.009310,0.008161,0.007797,0.007908,0.007916,0.007689,0.007725,0.007949,0.007264,0.006884,0.006866,0.007246,0.007022,0.006052,0.005619,0.006088,0.006927,0.007040,0.006832,0.006732,0.006948,0.006977,0.007160,0.039652,0.026488,0.856932,0.061102,0.432447,0.044504,0.141157,0.185069,0.128418,0.036043,0.019449,0.934077,0.031032,0.097023,0.163955,0.199896,0.181285,0.125456,0.225577,0.060393,0.914157,0.048209,0.100905,0.162161,0.098501,0.039297,0.244406,0.236393,0.244025,0.172356,0.058871,0.847036,0.063263,0.149596,0.232748,0.231021,0.329133,0.329975,0.292106,0.389135,0.380014,0.368073,0.272039,0.312585,0.307290,0.549350,0.082789,0.122309,0.351466,0.336776,0.306526,0.140726,0.074239,0.565842,0.224729,0.328205,0.310006,0.079699,0.852549,0.059194,0.056511,0.049456,0.057756,0.329010,0.492390,0.607315,0.447229,0.240149,0.071468,0.085261,0.070743,0.073482,0.619395,0.117757,0.212017,0.401995,0.227184,0.091424,0.100267,0.107076,0.560747,0.031069,3.172775,1.051890,0.731998,0.695889,0.808544,0.443681
7,2133,0.903620,0.917254,0.922426,74044.720851,57,51,2400.357995,175.715990,0.242802,52.113529,0.733746,2.181948,2.117369,1.725624,53.556324,51.953696,-68.776891,191.888348,0.906681,9525255.069294,38.672727,55,58,0.888617,9580.092252,63.031292,50.366498,0.163058,0.000025,0.000106,0.000002,-0.000000,0.000000,-0.000000,1,1.918939,0.632076,0.693194,-0.423127,2133,74044.720851,2400.357995,175.715990,53.556324,51.953696,191.888348,9580.092252,56.638594,93.691045,6.695463,0.047014,1.236106,0.011382,0.013037,0.017349,0.022062,0.028758,0.027249,0.023875,0.020049,0.021989,0.020290,0.016529,0.017018,0.013710,0.008198,0.011628,0.010831,0.014407,0.016617,0.018763,0.022358,0.024167,0.029099,0.032910,0.042352,0.041578,0.041703,0.041311,0.031157,0.029128,0.023626,0.021457,0.020679,0.022430,0.026135,0.027092,0.030993,0.037036,0.021765,0.016646,0.009017,0.007518,0.006942,0.006324,0.007127,0.007722,0.011001,0.012348,0.014553,0.011466,5.032177,5.444699,1.951059,0.559450,0.238412,0.160588,0.150980,0.100650,0.061199,0.055255,0.055858,0.037917,0.030416,0.026922,0.029063,0.022563,0.018597,0.014878,0.016508,0.013706,0.013403,0.010392,0.012045,0.011197,0.010510,0.007871,0.009736,0.009148,0.007707,0.006936,0.008067,0.007077,0.006623,0.006033,0.006883,0.006181,0.005987,0.005713,0.005600,0.005471,0.005086,0.005022,0.005136,0.004858,0.004725,0.004781,0.005117,0.005248,0.004965,0.004956,0.084019,0.093681,0.748416,0.137809,0.455650,0.070945,0.285235,0.255802,0.213545,0.090043,0.154773,0.765417,0.118763,0.152935,0.270877,0.430832,0.240436,0.166670,0.270994,0.144953,0.802852,0.067659,0.162493,0.299959,0.263500,0.076095,0.254556,0.282592,0.367633,0.181610,0.180484,0.717717,0.135486,0.154810,0.216280,0.339430,0.249021,0.425032,0.344540,0.378653,0.338613,0.381053,0.275988,0.294360,0.269391,0.455051,0.203773,0.311809,0.341283,0.357019,0.399178,0.246224,0.203497,0.385827,0.240458,0.453490,0.284925,0.128365,0.758716,0.130851,0.126199,0.111156,0.133458,0.199263,0.442213,0.682054,0.340050,0.205008,0.153661,0.205182,0.240242,0.135837,0.463629,0.113996,0.554383,0.348522,0.207180,0.134187,0.181286,0.248389,0.433303,0.057929,11.115839,1.227017,0.970403,0.790864,0.915720,0.666771
8,4218,0.907043,0.837562,0.798909,226911.215983,114,83,5756.146068,296.292137,0.642964,73.283862,0.445783,2.319241,7.026703,5.169891,88.848380,68.048650,82.344115,344.226443,0.916628,16548926.150147,49.034884,86,115,0.732782,27759.770077,117.642942,70.594232,0.185539,0.002337,0.000007,0.000004,-0.000000,0.000000,0.000000,1,2.267597,0.683786,0.741521,-0.120293,4218,226911.215983,5756.146068,296.292137,88.848380,68.048650,344.226443,27759.770077,66.868909,101.279991,7.173310,0.064341,1.868241,0.008101,0.007817,0.008603,0.008041,0.008607,0.007936,0.006898,0.007335,0.007745,0.008455,0.010175,0.014693,0.019895,0.015335,0.027928,0.034954,0.046096,0.056068,0.051832,0.043853,0.033676,0.033506,0.021259,0.029307,0.026769,0.021314,0.030123,0.027663,0.023499,0.023117,0.019489,0.019492,0.021749,0.020902,0.017365,0.020734,0.024693,0.017707,0.026236,0.022648,0.022961,0.019438,0.016236,0.015413,0.014770,0.012542,0.009155,0.008558,0.007415,8.513770,4.040460,1.085399,0.436530,0.272812,0.172626,0.122064,0.078947,0.071476,0.067808,0.045967,0.038836,0.037145,0.025470,0.022635,0.021057,0.021223,0.015156,0.014262,0.014307,0.014061,0.011586,0.010615,0.010030,0.009812,0.009602,0.009566,0.008859,0.007607,0.007150,0.007493,0.007033,0.006963,0.006311,0.006277,0.005869,0.005869,0.005985,0.005898,0.005320,0.005093,0.005079,0.004974,0.004836,0.005154,0.005343,0.004908,0.005303,0.004941,0.004357,0.082156,0.204234,0.758472,0.110106,0.400471,0.082833,0.309395,0.309156,0.074791,0.123141,0.181930,0.767746,0.114872,0.160794,0.294361,0.307790,0.364401,0.095295,0.302461,0.150165,0.759187,0.101265,0.184489,0.333029,0.159949,0.163253,0.319637,0.290848,0.411223,0.253393,0.159929,0.566488,0.160315,0.414176,0.349964,0.126060,0.277557,0.376430,0.455831,0.254734,0.171667,0.407398,0.382854,0.388179,0.126047,0.354696,0.270923,0.469900,0.242372,0.153279,0.468151,0.324789,0.231388,0.345763,0.377608,0.326240,0.213089,0.281353,0.699622,0.170408,0.244966,0.171942,0.135387,0.327237,0.362251,0.565286,0.376309,0.152735,0.228039,0.311260,0.324203,0.152358,0.364434,0.256221,0.576815,0.260211,0.101867,0.249943,0.328235,0.301540,0.359999,0.035597,12.253562,1.359159,3.029742,2.229130,0.860748,0.426390
9,534,0.891791,0.919776,0.932836,9616.415113,27,29,581.594875,85.189751,0.373689,26.075082,0.681992,1.833332,0.998042,1.111571,27.323849,25.344343,-34.720238,86.633514,0.825053,4818455.475068,20.615385,26,30,0.918165,2550.723298,31.064298,26.162951,0.162257,0.000148,0.000146,0.000001,0.000000,0.000000,0.000000,1,1.949548,0.621382,0.686040,-0.444235,534,9616.415113,581.594875,85.189751,27.323849,25.344343,86.633514,2550.723298,64.026641,109.239700,6.443234,0.059305,-0.233698,0.015605,0.016488,0.019304,0.018920,0.020963,0.019071,0.018827,0.019127,0.021104,0.023350,0.023565,0.030686,0.038059,0.024499,0.034667,0.029292,0.036007,0.035304,0.032422,0.027251,0.027141,0.028442,0.023186,0.022651,0.015824,0.013058,0.016262,0.015517,0.014828,0.011703,0.010269,0.011486,0.013454,0.014680,0.013854,0.016552,0.019964,0.015412,0.020836,0.018195,0.024764,0.025965,0.024321,0.021254,0.017395,0.015781,0.013138,0.013949,0.011215,0.747563,1.585272,1.811778,1.174705,0.559506,0.142897,0.134612,0.122498,0.077166,0.040505,0.044729,0.041757,0.030119,0.020457,0.023539,0.021787,0.017738,0.015177,0.015594,0.014830,0.013163,0.011575,0.011545,0.010474,0.009126,0.008184,0.008222,0.007328,0.006809,0.006150,0.005905,0.005859,0.005961,0.005701,0.005638,0.005699,0.005986,0.005672,0.005226,0.005276,0.005224,0.004696,0.004389,0.004827,0.005245,0.004616,0.003994,0.004419,0.004820,0.004443,0.035656,0.040131,0.794302,0.067415,0.532427,0.043883,0.071773,0.199897,0.176466,0.035991,0.065369,0.882302,0.046048,0.134284,0.260967,0.161747,0.270228,0.168910,0.312868,0.094386,0.841376,0.054640,0.135168,0.255492,0.140850,0.113950,0.256777,0.162937,0.301011,0.114597,0.045343,0.834960,0.046899,0.071628,0.280797,0.290373,0.168886,0.385571,0.426896,0.301891,0.307688,0.419046,0.144727,0.386220,0.330222,0.419558,0.100624,0.366290,0.311989,0.337913,0.426166,0.145285,0.125988,0.499553,0.185638,0.323191,0.134164,0.068569,0.904726,0.074150,0.058922,0.050196,0.091449,0.252122,0.527526,0.614778,0.430908,0.230454,0.096003,0.084543,0.065383,0.144096,0.497429,0.139918,0.424535,0.356934,0.232633,0.086836,0.076500,0.082619,0.592464,0.071149,6.163896,0.897866,0.544387,0.606312,0.983335,0.687179
10,497,0.941532,0.937500,0.929435,8534.005544,28,25,524.309244,79.618488,0.350077,25.155517,0.710000,0.887404,0.831753,0.701410,26.099845,24.448273,78.189188,83.840620,0.823714,4490365.138611,19.840000,25,28,0.947914,2185.348047,28.284198,25.000000,0.160506,0.000110,0.000025,0.000000,0.000000,0.000000,-0.000000,1,1.945956,0.617779,0.686238,-0.488058,497,8534.005544,524.309244,79.618488,26.099845,24.448273,83.840620,2185.348047,55.843973,103.716298,5.885877,0.045764,-1.022021,0.023453,0.009820,0.013288,0.014007,0.016335,0.014944,0.015978,0.019202,0.022490,0.023985,0.023327,0.027912,0.034016,0.020829,0.029969,0.026016,0.031601,0.032320,0.029207,0.025610,0.025321,0.029563,0.027358,0.027452,0.019578,0.018038,0.024075,0.024500,0.027754,0.023720,0.021959,0.022453,0.023700,0.025150,0.022453,0.022994,0.024204,0.016184,0.019095,0.015964,0.017964,0.016274,0.012184,0.011529,0.011135,0.011056,0.009647,0.009894,0.007946,0.714729,1.521200,1.782409,1.190383,0.553556,0.132465,0.127018,0.126470,0.085394,0.039437,0.043001,0.047795,0.037107,0.019285,0.020495,0.023829,0.020460,0.013442,0.013437,0.015665,0.014751,0.010706,0.009839,0.011044,0.010641,0.008244,0.007752,0.008461,0.008470,0.006750,0.005842,0.006620,0.006785,0.005368,0.004524,0.004909,0.005668,0.005012,0.004141,0.004406,0.004913,0.005025,0.004689,0.004593,0.004306,0.004123,0.004115,0.004168,0.004035,0.004189,0.044523,0.038840,0.820161,0.063794,0.495597,0.040200,0.150514,0.187458,0.121436,0.044505,0.038618,0.925481,0.037791,0.112175,0.163459,0.209020,0.195556,0.131715,0.283572,0.078129,0.893430,0.052599,0.128711,0.156559,0.106885,0.051237,0.239519,0.194337,0.265690,0.233324,0.064501,0.826922,0.052377,0.166856,0.267802,0.216648,0.248784,0.359837,0.443584,0.326480,0.306078,0.322580,0.300486,0.368894,0.284863,0.528032,0.096707,0.231147,0.328619,0.338613,0.334782,0.191886,0.092440,0.527544,0.186439,0.295355,0.256790,0.083257,0.885946,0.058655,0.073534,0.059632,0.088459,0.321331,0.522577,0.567217,0.432875,0.245642,0.126244,0.118623,0.097236,0.121383,0.591693,0.142027,0.250739,0.368680,0.223049,0.115759,0.125347,0.117005,0.581701,0.070705,5.927914,1.185830,0.937288,0.790406,0.949641,0.708571
11,2619,0.874097,0.723849,0.877140,124593.993845,81,53,2940.962315,203.924630,0.769172,57.746120,0.610063,2.646365,6.889692,2.613144,73.322843,46.856372,-63.394359,224.308658,0.912885,11086693.009969,52.580000,50,80,0.890525,15041.895230,82.036404,49.708951,0.180624,0.005757,0.000209,0.000027,0.000000,0.000002,-0.000000,1,2.140160,0.653023,0.691387,-0.169093,2619,124593.993845,2940.962315,203.924630,73.322843,46.856372,224.308658,15041.895230,67.323317,104.441008,7.059542,0.065161,1.978933,0.008665,0.007544,0.008639,0.009147,0.012258,0.014108,0.018936,0.023496,0.028051,0.029771,0.025834,0.024008,0.024377,0.015044,0.019106,0.016016,0.020156,0.027619,0.033280,0.041181,0.050335,0.064590,0.050944,0.046752,0.027144,0.019024,0.023450,0.022408,0.024199,0.021153,0.015870,0.016183,0.024310,0.027325,0.029261,0.021644,0.015191,0.008495,0.011975,0.009286,0.010460,0.009251,0.007965,0.007538,0.007072,0.007818,0.007408,0.007699,0.006683,5.671095,5.100384,1.879189,0.416367,0.295224,0.179729,0.113576,0.085311,0.078402,0.049153,0.054013,0.038620,0.031715,0.025525,0.025571,0.019361,0.019144,0.017343,0.014621,0.013855,0.013221,0.012006,0.010232,0.010328,0.009867,0.009459,0.009092,0.008016,0.007603,0.007864,0.007212,0.006637,0.006749,0.006305,0.006364,0.006346,0.005753,0.005577,0.005444,0.005485,0.005300,0.005312,0.004808,0.005204,0.005217,0.005060,0.005148,0.005383,0.005087,0.005338,0.044384,0.056334,0.725225,0.128002,0.485389,0.058220,0.120733,0.419066,0.152754,0.048420,0.064130,0.753221,0.174783,0.088188,0.133071,0.343600,0.485821,0.126818,0.277280,0.117622,0.774139,0.157675,0.148043,0.174167,0.353270,0.197620,0.262723,0.185263,0.144606,0.307597,0.142120,0.582174,0.108238,0.217676,0.559245,0.345210,0.090026,0.120115,0.413604,0.395054,0.160198,0.229940,0.353512,0.615279,0.261258,0.422466,0.111929,0.277896,0.481023,0.314876,0.296297,0.340425,0.256889,0.362718,0.201504,0.333676,0.541117,0.085750,0.618758,0.127028,0.228388,0.200553,0.237725,0.091432,0.286482,0.812062,0.277394,0.120703,0.168388,0.242486,0.198380,0.179155,0.416370,0.085143,0.541115,0.437498,0.230104,0.183793,0.151361,0.133023,0.455897,0.052053,11.675876,2.636553,2.603454,0.987446,0.909125,0.657250
12,450,0.840000,0.855556,0.835556,7106.544382,28,25,538.878102,81.756203,0.214385,23.936537,0.642857,1.588285,1.650162,1.467925,24.975035,24.394348,-37.063096,87.254834,0.780631,5394448.666587,16.666667,27,27,0.835068,2067.573086,30.870655,24.349871,0.168907,0.000016,0.000322,0.000017,-0.000000,-0.000000,-0.000000,1,1.955275,0.611854,0.652580,-0.330778,450,7106.544382,538.878102,81.756203,24.975035,24.394348,87.254834,2067.573086,57.947572,102.500000,5.969898,0.049105,-0.779769,0.022430,0.009011,0.012670,0.013031,0.015936,0.014282,0.013129,0.013357,0.014403,0.014922,0.013163,0.018505,0.027021,0.020224,0.033234,0.030158,0.038915,0.041736,0.037131,0.033784,0.034155,0.043565,0.035726,0.039722,0.025074,0.025311,0.038785,0.034387,0.038205,0.029370,0.024596,0.023199,0.021555,0.017875,0.013515,0.013368,0.012293,0.008017,0.009137,0.009412,0.010764,0.010441,0.009449,0.009649,0.009371,0.009801,0.010244,0.010448,0.007955,0.462849,1.063837,1.297957,0.918064,0.558030,0.209481,0.084486,0.090398,0.092004,0.058328,0.036207,0.031994,0.034302,0.024606,0.018584,0.017690,0.018917,0.015219,0.012472,0.012132,0.012133,0.009956,0.008558,0.007997,0.008468,0.008309,0.007806,0.006932,0.006797,0.006633,0.006651,0.006144,0.005568,0.005183,0.005284,0.005351,0.005575,0.005116,0.004760,0.004972,0.005035,0.004925,0.004616,0.004655,0.004686,0.004738,0.004342,0.003885,0.003559,0.003944,0.046284,0.034044,0.866217,0.051932,0.436734,0.040233,0.070799,0.178026,0.120859,0.039304,0.028297,0.928445,0.020594,0.092327,0.182233,0.212496,0.187262,0.115168,0.165577,0.070245,0.906165,0.033603,0.101256,0.187740,0.179195,0.054830,0.254492,0.256534,0.271809,0.100134,0.053091,0.855572,0.058833,0.097950,0.224525,0.228014,0.309587,0.342079,0.340561,0.405000,0.317445,0.388943,0.265797,0.314328,0.292620,0.612878,0.084480,0.247988,0.350276,0.288718,0.337904,0.204862,0.091486,0.430317,0.230658,0.344147,0.141927,0.105205,0.881198,0.061591,0.087434,0.064018,0.071400,0.294062,0.505952,0.576940,0.512128,0.187997,0.071884,0.084108,0.074485,0.096260,0.688069,0.121591,0.388963,0.383567,0.185297,0.077645,0.080873,0.076488,0.400752,0.059106,5.157307,1.124147,1.038958,0.924220,0.936982,0.617284
13,2132,0.948357,0.873239,0.956808,80646.516013,58,50,2219.038854,167.077709,0.547480,52.101312,0.735172,1.452985,2.939226,1.206006,57.129679,47.807204,-62.473582,176.852814,0.914864,8849679.289993,42.600000,50,57,0.960776,9904.564902,58.794466,50.000000,0.162603,0.000822,0.000022,0.000000,0.000000,0.000000,-0.000000,1,1.969839,0.629594,0.695214,-0.442907,2132,80646.516013,2219.038854,167.077709,57.129679,47.807204,176.852814,9904.564902,63.432460,75.693246,6.763658,0.058273,3.286724,0.011650,0.010621,0.012478,0.011970,0.012007,0.011186,0.012730,0.015237,0.020556,0.025693,0.028427,0.034051,0.042431,0.028239,0.035516,0.024191,0.028403,0.029665,0.025631,0.023057,0.024808,0.029316,0.028162,0.031527,0.029244,0.031795,0.039642,0.030624,0.023776,0.016110,0.012875,0.011108,0.012355,0.011338,0.008924,0.012296,0.015336,0.010143,0.015530,0.018373,0.024030,0.024922,0.023387,0.021075,0.017791,0.016955,0.011740,0.009138,0.005591,5.253934,5.816329,2.281575,0.576101,0.294069,0.176902,0.156203,0.084546,0.071448,0.052931,0.052146,0.035619,0.032601,0.025658,0.026583,0.020851,0.018104,0.015660,0.015765,0.013371,0.012321,0.010890,0.010668,0.010058,0.009209,0.008369,0.008406,0.008024,0.007089,0.007174,0.006614,0.006427,0.006034,0.005959,0.005776,0.005305,0.005719,0.004952,0.005039,0.004860,0.004708,0.004409,0.004601,0.004451,0.004618,0.005123,0.004898,0.004739,0.004369,0.004828,0.035579,0.082756,0.729256,0.092714,0.495031,0.063994,0.142466,0.379662,0.194637,0.037319,0.081506,0.772595,0.068403,0.161029,0.202350,0.390901,0.372013,0.179744,0.290830,0.081073,0.791792,0.062525,0.200883,0.219848,0.336508,0.075823,0.265193,0.350182,0.135960,0.100580,0.107767,0.690138,0.108672,0.188532,0.437853,0.348992,0.291896,0.132620,0.191996,0.448757,0.333179,0.310777,0.370580,0.461648,0.317685,0.392410,0.086382,0.184502,0.469531,0.426323,0.331579,0.284647,0.128145,0.441485,0.419417,0.392428,0.326936,0.100506,0.704963,0.090897,0.145313,0.089981,0.136572,0.357138,0.362656,0.543650,0.588068,0.184600,0.092367,0.161836,0.123079,0.124911,0.400054,0.078071,0.342656,0.638417,0.234972,0.101286,0.110932,0.128817,0.463141,0.068165,12.055222,2.437157,2.022888,0.830020,0.944727,0.747368
14,2065,0.794189,0.720097,0.863923,78583.929537,63,53,2781.293500,187.587000,0.654214,51.276112,0.618449,3.931310,3.289121,2.064163,62.169491,47.019398,-68.334954,261.586832,0.870787,12866013.435785,36.228070,57,63,0.742460,11763.134578,63.890470,53.000000,0.183805,0.002504,0.000212,0.000062,-0.000000,-0.000003,0.000000,1,1.924945,0.647238,0.682440,-0.213717,2065,78583.929537,2781.293500,187.587000,62.169491,47.019398,261.586832,11763.134578,67.236759,96.500242,7.000221,0.065004,1.878609,0.009590,0.010373,0.012586,0.013282,0.017954,0.019230,0.020658,0.023477,0.032606,0.033509,0.025067,0.026936,0.024371,0.012552,0.022765,0.026169,0.036373,0.031815,0.024123,0.019812,0.028277,0.035526,0.034836,0.046872,0.043449,0.033424,0.035638,0.024765,0.024471,0.019261,0.013636,0.014514,0.013381,0.013212,0.011874,0.013442,0.014548,0.012278,0.016560,0.011596,0.014322,0.012920,0.010780,0.011354,0.011146,0.012812,0.011211,0.010757,0.009478,3.318514,3.396253,1.336654,0.279700,0.212203,0.182831,0.128558,0.082526,0.058466,0.046788,0.035011,0.028685,0.033200,0.027106,0.022391,0.023494,0.021104,0.017801,0.017650,0.016286,0.014171,0.012519,0.012160,0.011611,0.010528,0.009969,0.010531,0.009625,0.009910,0.009076,0.008147,0.007032,0.007433,0.008242,0.007958,0.008024,0.007153,0.006365,0.005696,0.006404,0.006754,0.006578,0.006830,0.006310,0.006292,0.006302,0.006286,0.006050,0.006420,0.006488,0.067827,0.051263,0.720990,0.111085,0.506595,0.073734,0.225191,0.314213,0.221557,0.073378,0.068542,0.781458,0.131610,0.124424,0.270728,0.380769,0.311712,0.176053,0.260003,0.101315,0.803797,0.121586,0.141113,0.283780,0.239365,0.075734,0.312705,0.285145,0.191547,0.175762,0.137079,0.732770,0.115069,0.188383,0.308730,0.389003,0.218317,0.189743,0.289065,0.410295,0.363196,0.419724,0.310667,0.388851,0.329596,0.444518,0.090353,0.225087,0.390538,0.370809,0.412149,0.226838,0.177645,0.447967,0.269848,0.388311,0.383824,0.116336,0.744101,0.108589,0.137654,0.084214,0.154990,0.201810,0.449314,0.638879,0.410311,0.281586,0.134411,0.184209,0.161802,0.152958,0.540158,0.149718,0.371788,0.451541,0.305682,0.129340,0.162101,0.194035,0.411824,0.030178,7.894128,1.593441,0.836647,0.525057,0.717112,0.575049
15,2996,0.917918,0.859860,0.902903,133200.648719,71,63,3503.339217,210.678434,0.555393,61.762656,0.669797,1.840452,3.212381,2.334932,68.596056,57.043668,45.939509,250.208153,0.916373,11703085.425624,43.434783,69,70,0.855184,14892.202247,73.373510,62.504347,0.165987,0.000916,0.000021,0.000000,0.000000,0.000000,0.000000,1,1.979152,0.636090,0.709732,-0.438730,2996,133200.648719,3503.339217,210.678434,68.596056,57.043668,250.208153,14892.202247,62.574188,73.338451,6.909315,0.056796,3.435833,0.010530,0.008903,0.011954,0.011641,0.013756,0.012746,0.013930,0.016922,0.019749,0.023247,0.022328,0.027896,0.030865,0.020116,0.029259,0.030738,0.041353,0.041762,0.035836,0.036335,0.038159,0.039072,0.035555,0.037506,0.028767,0.026033,0.027547,0.026418,0.026248,0.019426,0.015948,0.014970,0.015835,0.012953,0.011005,0.014064,0.017665,0.011168,0.018795,0.014864,0.016187,0.013168,0.011678,0.013100,0.010414,0.009153,0.008273,0.008842,0.007854,7.302399,5.862452,1.486715,0.501662,0.218081,0.132411,0.116531,0.100160,0.082895,0.059314,0.054588,0.039526,0.035528,0.026637,0.029939,0.024079,0.022024,0.020337,0.017575,0.013345,0.014056,0.012582,0.011942,0.011375,0.010732,0.009862,0.009269,0.007393,0.007451,0.007281,0.006848,0.007549,0.006956,0.006657,0.006456,0.006036,0.005707,0.006020,0.005763,0.005850,0.005629,0.005494,0.005306,0.005795,0.005759,0.005460,0.005054,0.005019,0.004964,0.005022,0.109189,0.053484,0.705353,0.083805,0.465252,0.055347,0.235614,0.381747,0.244750,0.068776,0.069076,0.700581,0.089525,0.101013,0.283973,0.515258,0.340701,0.138770,0.244733,0.094205,0.745592,0.088987,0.128447,0.354665,0.406900,0.081455,0.230035,0.453330,0.348356,0.141741,0.102743,0.670778,0.077028,0.163509,0.218837,0.334650,0.366332,0.394967,0.247860,0.322097,0.226773,0.416796,0.463270,0.243378,0.213596,0.373130,0.119521,0.190672,0.371490,0.396476,0.483639,0.380976,0.118899,0.348923,0.390646,0.524103,0.295409,0.107227,0.663741,0.085090,0.098573,0.099414,0.080958,0.299371,0.567670,0.626235,0.378715,0.117870,0.105894,0.117081,0.102645,0.056388,0.390918,0.190763,0.524714,0.514073,0.314998,0.146814,0.119993,0.099603,0.355102,0.047856,11.974030,1.375792,1.745430,1.268673,0.842013,0.620497
16,829,0.889290,0.898917,0.901324,18665.510952,37,38,987.414262,110.828524,0.433955,32.488699,0.589616,1.484845,1.301131,1.498515,34.761984,31.318271,-42.655527,122.361436,0.849667,6274073.271654,23.083333,36,36,0.839567,3843.886349,38.209946,34.613149,0.164851,0.000294,0.000142,0.000001,0.000000,0.000000,0.000000,1,1.969490,0.626225,0.683425,-0.421911,829,18665.510952,987.414262,110.828524,34.761984,31.318271,122.361436,3843.886349,76.183017,84.226779,6.537756,0.081942,4.606506,0.018176,0.015772,0.026017,0.022407,0.021890,0.022793,0.025628,0.024482,0.023982,0.021770,0.020163,0.023136,0.022705,0.012860,0.017746,0.016336,0.020714,0.023826,0.022251,0.022359,0.025116,0.031495,0.028099,0.025906,0.018517,0.015862,0.018862,0.017921,0.019510,0.018167,0.018132,0.018002,0.022746,0.025645,0.022280,0.024788,0.025934,0.016287,0.019840,0.018517,0.023494,0.024248,0.018406,0.015984,0.015441,0.016330,0.016485,0.018636,0.012510,1.411541,2.476626,2.068860,0.701964,0.205153,0.180676,0.116162,0.069780,0.087081,0.073037,0.050743,0.032147,0.029629,0.026587,0.023419,0.019992,0.020347,0.016805,0.013099,0.013587,0.013762,0.012243,0.012543,0.010666,0.009692,0.010543,0.008695,0.006410,0.007876,0.007696,0.006458,0.007255,0.007019,0.005854,0.006384,0.006521,0.005755,0.005819,0.006040,0.005455,0.004710,0.005430,0.005572,0.005012,0.005046,0.005249,0.005089,0.005313,0.005265,0.004812,0.045623,0.075148,0.770460,0.079434,0.476826,0.053971,0.092483,0.337680,0.198732,0.032790,0.135464,0.831093,0.074464,0.136138,0.177435,0.303935,0.336371,0.169630,0.249885,0.152698,0.837685,0.079581,0.179816,0.199750,0.294243,0.064972,0.207739,0.238305,0.214773,0.118568,0.130056,0.795694,0.112052,0.076024,0.304313,0.349339,0.270132,0.361880,0.334929,0.377511,0.411642,0.271994,0.179746,0.337584,0.389456,0.463534,0.284728,0.323146,0.369151,0.386994,0.289069,0.212039,0.110827,0.415691,0.261568,0.298744,0.299218,0.140313,0.826288,0.131218,0.068254,0.080395,0.148393,0.349525,0.407156,0.557426,0.442077,0.311959,0.176596,0.095588,0.147120,0.215899,0.576833,0.197800,0.326747,0.416924,0.203212,0.155010,0.117962,0.167735,0.490075,0.055369,6.775010,0.868280,0.876274,1.009206,0.905747,0.641204
17,2900,0.954890,0.836777,0.958333,133465.589699,71,56,3046.936635,197.873270,0.635082,60.765078,0.729376,1.354937,4.636620,1.168196,69.278634,53.513903,-73.433464,209.687338,0.927705,10090621.860479,52.800000,55,73,0.951776,14349.307488,74.464671,54.915958,0.165100,0.001739,0.000017,0.000000,0.000000,0.000000,0.000000,1,1.994830,0.634729,0.698398,-0.385698,2900,133465.589699,3046.936635,197.873270,69.278634,53.513903,209.687338,14349.307488,64.774871,95.578276,7.072177,0.060615,2.354064,0.008733,0.009068,0.014139,0.017437,0.019166,0.015751,0.015157,0.017802,0.023310,0.026549,0.025282,0.033099,0.039221,0.030574,0.038163,0.032657,0.033256,0.027319,0.022765,0.024828,0.029777,0.035905,0.034708,0.036600,0.032557,0.027923,0.029519,0.021641,0.020082,0.016316,0.015085,0.015516,0.015620,0.014520,0.017149,0.019512,0.020888,0.017571,0.021127,0.014907,0.011720,0.009633,0.007856,0.006503,0.006924,0.009240,0.009134,0.008804,0.007720,7.772262,6.762551,2.088687,0.668567,0.298735,0.151984,0.125487,0.104812,0.077890,0.051677,0.046226,0.040912,0.039588,0.029810,0.025074,0.019806,0.019822,0.018485,0.016450,0.013546,0.013614,0.012018,0.011702,0.009876,0.009441,0.008709,0.008933,0.008162,0.008520,0.007300,0.007350,0.006463,0.005950,0.006232,0.006171,0.005826,0.005620,0.005692,0.005039,0.005353,0.005124,0.004925,0.004645,0.004906,0.005075,0.004956,0.004653,0.004847,0.004683,0.004821,0.079475,0.078797,0.740339,0.090194,0.444775,0.078474,0.221423,0.376028,0.191910,0.093576,0.114198,0.717832,0.134860,0.072427,0.209954,0.492058,0.359412,0.155266,0.245891,0.134376,0.767420,0.147187,0.150100,0.244605,0.411867,0.111078,0.215748,0.249439,0.373811,0.209882,0.144967,0.640189,0.103648,0.189607,0.377317,0.366160,0.253097,0.365769,0.337173,0.457275,0.188118,0.220381,0.382663,0.399037,0.299582,0.418685,0.150933,0.277419,0.511675,0.365866,0.287116,0.346543,0.174631,0.310268,0.222770,0.593105,0.304302,0.109536,0.641815,0.109783,0.130979,0.162783,0.162381,0.214350,0.560498,0.563917,0.445917,0.164367,0.101979,0.179322,0.183268,0.141034,0.434503,0.108609,0.475619,0.556572,0.249175,0.113401,0.181029,0.147402,0.366028,0.065956,13.830115,3.969042,3.422019,0.862178,0.943659,0.723288
18,2456,0.754671,0.782697,0.818846,93796.175664,74,63,3610.347310,214.694620,0.470192,55.920268,0.526813,3.274438,3.442458,3.096199,63.446261,55.995399,-55.238906,332.119841,0.861917,15870899.764102,37.876923,65,73,0.680267,15947.956987,74.545239,63.000000,0.182156,0.000512,0.000398,0.000003,0.000000,0.000000,-0.000000,1,1.924154,0.667450,0.711943,-0.234443,2456,93796.175664,3610.347310,214.694620,63.446261,55.995399,332.119841,15947.956987,57.958542,99.004479,6.722313,0.049122,1.148056,0.012138,0.016081,0.023503,0.029213,0.035830,0.028471,0.021422,0.017259,0.016345,0.017264,0.015476,0.020243,0.026216,0.019340,0.025719,0.022025,0.023132,0.021667,0.019973,0.023327,0.028131,0.032593,0.026099,0.022230,0.017174,0.017995,0.021372,0.022688,0.023365,0.016571,0.014262,0.016263,0.016647,0.017633,0.016139,0.020139,0.029190,0.024626,0.027082,0.023375,0.024282,0.022763,0.018294,0.014423,0.012166,0.014198,0.013221,0.013660,0.010913,3.687852,3.137605,0.738388,0.268160,0.202794,0.154234,0.095981,0.086951,0.073572,0.054928,0.042216,0.033295,0.035776,0.027173,0.027712,0.021241,0.020260,0.018420,0.018540,0.017771,0.014470,0.014550,0.013594,0.014166,0.011529,0.010202,0.010130,0.009434,0.008232,0.008643,0.009225,0.009026,0.008327,0.007943,0.008251,0.007195,0.006913,0.007308,0.007330,0.006560,0.006303,0.006996,0.006927,0.006224,0.006587,0.006343,0.005951,0.006054,0.005975,0.006345,0.086519,0.093726,0.711500,0.069297,0.534087,0.074512,0.195286,0.306790,0.222796,0.067980,0.107306,0.769035,0.063562,0.150953,0.270804,0.371514,0.334692,0.205536,0.335403,0.107113,0.759843,0.090170,0.205761,0.308176,0.264973,0.099920,0.270246,0.285523,0.249206,0.243072,0.136968,0.702495,0.086622,0.200438,0.328495,0.359778,0.205491,0.300209,0.419399,0.312372,0.265091,0.319961,0.394276,0.392265,0.334963,0.455358,0.152617,0.265864,0.314801,0.427094,0.380692,0.302073,0.153000,0.396961,0.284149,0.419730,0.239345,0.166965,0.762574,0.108189,0.138154,0.136075,0.164605,0.234738,0.499788,0.588466,0.451055,0.182130,0.137971,0.172755,0.188026,0.167211,0.466456,0.152911,0.439123,0.431742,0.289895,0.147811,0.145194,0.159830,0.476751,0.022266,7.394921,1.111833,1.051313,0.945567,0.646437,0.518862
19,496,0.879032,0.909274,0.935484,8542.514024,27,25,515.917996,78.835993,0.340217,25.130197,0.734815,1.216022,1.227856,1.067761,26.067761,24.512742,-88.502338,82.426407,0.823035,4542287.621665,19.840000,25,27,0.961393,2119.009684,27.891731,25.000000,0.161016,0.000098,0.000135,0.000000,0.000000,0.000000,0.000000,1,1.915367,0.611111,0.677646,-0.458072,496,8542.514024,515.917996,78.835993,26.067761,24.512742,82.426407,2119.009684,58.924978,107.514113,6.080755,0.050690,-1.057585,0.020478,0.011674,0.014927,0.014307,0.015821,0.013650,0.013493,0.015559,0.017626,0.018574,0.019947,0.026763,0.034692,0.022472,0.032310,0.027775,0.033159,0.032789,0.029834,0.027879,0.028994,0.033187,0.027941,0.027263,0.018753,0.017934,0.023927,0.022425,0.024781,0.022684,0.021340,0.021218,0.021028,0.020098,0.016143,0.018115,0.020356,0.013011,0.017320,0.015707,0.019028,0.019668,0.018925,0.019689,0.018284,0.017017,0.013243,0.010878,0.007794,0.704167,1.496054,1.749373,1.170030,0.553683,0.142710,0.132997,0.124073,0.082428,0.042452,0.045331,0.044716,0.034245,0.021190,0.023228,0.023203,0.018367,0.013560,0.014198,0.014483,0.012433,0.009793,0.009877,0.010098,0.009006,0.007559,0.007631,0.007478,0.006940,0.005957,0.005759,0.006006,0.006047,0.005539,0.004999,0.004814,0.005544,0.005691,0.004840,0.004273,0.004323,0.004631,0.004287,0.003971,0.004096,0.004535,0.004272,0.003788,0.003767,0.004463,0.041386,0.040686,0.831144,0.069798,0.502893,0.049338,0.083518,0.163335,0.109404,0.037311,0.040560,0.922239,0.045303,0.073661,0.181803,0.229238,0.201621,0.112710,0.256400,0.077868,0.888661,0.052072,0.080161,0.176646,0.199385,0.082840,0.226975,0.218137,0.231665,0.113572,0.048183,0.857568,0.074520,0.119099,0.265131,0.240974,0.248018,0.306257,0.321855,0.342451,0.285813,0.358835,0.422993,0.392181,0.283981,0.513603,0.105809,0.290366,0.336382,0.289180,0.344564,0.355832,0.152151,0.418844,0.228086,0.297230,0.153027,0.065144,0.894870,0.082856,0.083253,0.060405,0.117172,0.313254,0.494795,0.558181,0.447230,0.286904,0.128716,0.095357,0.114331,0.156261,0.539799,0.173312,0.438483,0.406597,0.260208,0.136843,0.110084,0.101824,0.460506,0.073004,6.017489,1.149936,1.009732,0.878077,0.956441,0.734815
20,713,0.646067,0.639045,0.651685,7207.966483,41,39,1141.353514,121.707028,0.709887,30.130048,0.445904,3.262736,2.743838,2.971028,39.892642,28.097000,-54.598751,152.267027,0.761944,7872168.285675,12.905083,37,41,0.624697,2405.582939,42.449917,36.250732,0.208409,0.004928,0.000656,0.000087,0.000000,0.000006,0.000000,1,2.067763,0.673255,0.703272,-0.135503,713,7207.966483,1141.353514,121.707028,39.892642,28.097000,152.267027,2405.582939,66.316023,65.392707,6.281841,0.063348,6.090629,0.022179,0.006542,0.007180,0.009389,0.016945,0.021526,0.027918,0.029521,0.035534,0.035979,0.030819,0.026459,0.022250,0.012217,0.014041,0.012873,0.016083,0.016672,0.017758,0.019932,0.018137,0.016912,0.018537,0.026457,0.023807,0.028038,0.034342,0.032345,0.034976,0.029938,0.023934,0.019204,0.018045,0.022140,0.020815,0.025633,0.033190,0.023163,0.032006,0.027023,0.028265,0.023079,0.016672,0.012127,0.008686,0.007574,0.005479,0.005193,0.004645,0.818134,1.381773,1.156105,0.504133,0.245914,0.143987,0.135352,0.110849,0.077908,0.046260,0.042798,0.040292,0.036386,0.028273,0.028080,0.025865,0.023624,0.017112,0.012065,0.011597,0.010748,0.009859,0.010907,0.011167,0.009966,0.009725,0.011144,0.008802,0.007142,0.007636,0.007155,0.006612,0.006758,0.006596,0.005496,0.006220,0.006829,0.005527,0.005874,0.006108,0.005512,0.005170,0.005294,0.006146,0.006005,0.005175,0.005131,0.005538,0.005592,0.005747,0.056768,0.048001,0.773803,0.076887,0.476975,0.057942,0.170015,0.218017,0.287213,0.053775,0.034785,0.810255,0.085641,0.176190,0.227765,0.354426,0.205338,0.285216,0.273824,0.078801,0.816660,0.097470,0.190028,0.232559,0.258370,0.054714,0.287111,0.360721,0.216250,0.215642,0.165756,0.737141,0.078486,0.086414,0.149117,0.412187,0.366724,0.217528,0.427493,0.453926,0.370295,0.266234,0.163152,0.141455,0.418052,0.503134,0.105195,0.330762,0.420301,0.392869,0.299511,0.181534,0.099000,0.403638,0.360763,0.310784,0.256072,0.172173,0.802598,0.110797,0.086678,0.063747,0.100145,0.408813,0.384474,0.573227,0.505110,0.232819,0.099565,0.096254,0.131262,0.103494,0.577734,0.137701,0.416857,0.456666,0.218418,0.084494,0.099734,0.189858,0.405101,0.030752,4.682563,0.923531,0.840962,0.910594,0.799300,0.469347
21,4242,0.959217,0.890146,0.967468,225942.820047,80,68,4388.373614,234.747228,0.531377,73.492055,0.779779,1.561831,3.934735,1.085883,79.978462,67.752597,84.933279,247.137085,0.941856,12017894.553987,62.382353,68,81,0.966645,19289.875512,81.583119,68.000000,0.161840,0.000708,0.000028,0.000000,-0.000000,-0.000000,0.000000,1,1.968928,0.630464,0.696350,-0.454171,4242,225942.820047,4388.373614,234.747228,79.978462,67.752597,247.137085,19289.875512,68.423427,69.994107,6.908931,0.067164,5.235403,0.011660,0.023370,0.023078,0.016593,0.018874,0.013970,0.012964,0.014045,0.016762,0.017418,0.016471,0.024337,0.033408,0.017800,0.025334,0.021887,0.023014,0.017509,0.017599,0.018909,0.022019,0.027434,0.028910,0.032226,0.022104,0.026254,0.036905,0.035396,0.039124,0.030485,0.023151,0.016405,0.018184,0.017439,0.018515,0.021544,0.025226,0.013957,0.015090,0.012880,0.013230,0.012192,0.011461,0.013194,0.015709,0.016928,0.018391,0.020997,0.021309,12.172344,6.573734,1.443326,0.401158,0.307133,0.179165,0.112587,0.091032,0.078242,0.055101,0.044089,0.040722,0.032245,0.026655,0.025920,0.020459,0.020443,0.017445,0.016273,0.013679,0.013077,0.012239,0.011114,0.010130,0.009651,0.009160,0.008022,0.007528,0.007722,0.006842,0.006944,0.006332,0.006498,0.006183,0.005596,0.005930,0.005481,0.005438,0.005227,0.005110,0.004806,0.004797,0.005113,0.004323,0.004814,0.004594,0.004361,0.004552,0.004609,0.004563,0.116665,0.091384,0.694249,0.112316,0.470562,0.076340,0.233913,0.393660,0.215644,0.085493,0.097905,0.697904,0.079910,0.105295,0.272302,0.487325,0.378790,0.153121,0.269443,0.110300,0.733691,0.077531,0.195588,0.340829,0.373028,0.080294,0.266278,0.459819,0.247366,0.127713,0.103382,0.661584,0.124268,0.146252,0.292088,0.374881,0.392833,0.272048,0.170635,0.430443,0.272230,0.413198,0.330094,0.327387,0.310302,0.391452,0.096885,0.136744,0.468786,0.459192,0.436935,0.258240,0.110413,0.343902,0.381159,0.527293,0.240105,0.103480,0.666686,0.131515,0.125370,0.108939,0.137724,0.303094,0.530590,0.580315,0.459704,0.158890,0.102534,0.140920,0.106223,0.107764,0.433102,0.115983,0.482214,0.571612,0.282787,0.108515,0.128163,0.116620,0.343409,0.069454,17.164563,3.623536,2.519310,0.695263,0.949866,0.770153
22,11259,0.954614,0.949640,0.951594,921626.783836,130,126,12105.790182,392.580364,0.324434,119.730548,0.687363,2.330525,3.491516,2.497525,123.503215,116.822724,-53.402421,437.723917,0.962175,20223618.606791,93.825000,120,128,0.930051,53219.549535,131.472153,117.866153,0.160416,0.000079,0.000016,0.000000,0.000000,0.000000,0.000000,1,1.920929,0.633673,0.699285,-0.462905,11259,921626.783836,12105.790182,392.580364,123.503215,116.822724,437.723917,53219.549535,60.908986,48.443823,6.463872,0.053974,6.691203,0.017924,0.025586,0.024390,0.019237,0.019743,0.022656,0.020269,0.017348,0.019125,0.018852,0.017199,0.018623,0.025548,0.019115,0.020904,0.025242,0.026451,0.023892,0.030702,0.031577,0.043724,0.054816,0.028878,0.023913,0.010463,0.005852,0.009000,0.008841,0.008952,0.008561,0.011792,0.016093,0.022108,0.023171,0.027286,0.023168,0.022466,0.015880,0.022737,0.015150,0.017464,0.017418,0.018298,0.018089,0.015293,0.015809,0.016943,0.027781,0.023595,28.348425,3.822891,0.986393,0.338039,0.267394,0.171201,0.108605,0.091262,0.074606,0.058850,0.045654,0.037566,0.034208,0.027908,0.024518,0.021113,0.019182,0.017189,0.016460,0.013009,0.013194,0.012408,0.010212,0.009845,0.009915,0.008724,0.008662,0.008682,0.007332,0.007422,0.007473,0.006709,0.006205,0.006146,0.005904,0.005806,0.006114,0.006003,0.005752,0.005603,0.005225,0.005160,0.005165,0.005074,0.004962,0.005401,0.005203,0.005094,0.005446,0.005377,0.110946,0.077053,0.574098,0.114814,0.473170,0.089147,0.184817,0.478033,0.380095,0.050732,0.083421,0.642608,0.097611,0.119022,0.354572,0.355604,0.543335,0.080242,0.291468,0.103835,0.635725,0.098955,0.258238,0.514200,0.265118,0.161979,0.250424,0.473103,0.123280,0.128590,0.118777,0.624573,0.109791,0.125302,0.176102,0.530541,0.104854,0.217881,0.453302,0.453640,0.336487,0.437447,0.361045,0.291232,0.102505,0.388035,0.103767,0.224775,0.378301,0.567546,0.415036,0.147410,0.110167,0.341754,0.495224,0.437988,0.404548,0.107737,0.574740,0.114128,0.108036,0.089151,0.157105,0.125453,0.348193,0.718395,0.516030,0.090050,0.103572,0.134882,0.185835,0.095293,0.306934,0.087029,0.441944,0.646352,0.308145,0.114321,0.124014,0.203370,0.346944,0.058762,25.721692,1.397990,1.498167,1.071658,0.896868,0.733008
23,2580,0.954334,0.897059,0.951238,106259.135520,66,54,2712.151066,185.302133,0.507805,57.314553,0.723906,1.525614,2.707134,1.351146,61.957214,53.374425,88.662976,196.373629,0.922138,9993045.495463,47.851852,54,66,0.951274,11897.334686,66.939973,54.000000,0.161941,0.000575,0.000018,0.000000,0.000000,-0.000000,0.000000,1,1.948432,0.628984,0.690889,-0.429103,2580,106259.135520,2712.151066,185.302133,61.957214,53.374425,196.373629,11897.334686,66.429722,96.153101,7.119702,0.063552,2.527987,0.008639,0.014122,0.021003,0.022551,0.026837,0.022373,0.021695,0.020718,0.019751,0.014015,0.010117,0.011820,0.014061,0.011389,0.018939,0.017944,0.027299,0.034138,0.037558,0.043515,0.039434,0.039123,0.029826,0.027026,0.016573,0.014711,0.020944,0.022488,0.028256,0.027868,0.028592,0.033542,0.040201,0.035354,0.024392,0.019927,0.016832,0.011075,0.013813,0.011802,0.010310,0.008666,0.007604,0.007578,0.008883,0.010012,0.010596,0.012980,0.011747,6.447976,6.006498,1.823560,0.468640,0.282765,0.189834,0.124208,0.083829,0.070154,0.060708,0.042226,0.035986,0.033228,0.027263,0.023175,0.019601,0.019647,0.015710,0.014136,0.013149,0.012975,0.010497,0.010359,0.009600,0.009247,0.007575,0.007994,0.007681,0.006762,0.006872,0.006887,0.006560,0.005832,0.006012,0.005966,0.005414,0.005200,0.005382,0.004762,0.004930,0.004776,0.004794,0.004746,0.004481,0.004737,0.004798,0.004495,0.004343,0.004397,0.004708,0.057388,0.091247,0.724069,0.122786,0.473974,0.073922,0.111376,0.408761,0.198546,0.089625,0.123798,0.752496,0.138531,0.118644,0.286953,0.267226,0.428832,0.198681,0.342601,0.131679,0.753110,0.129738,0.143979,0.345750,0.264115,0.099743,0.247586,0.280036,0.270717,0.278203,0.151699,0.641753,0.124503,0.225091,0.398585,0.333164,0.339385,0.283597,0.310994,0.305399,0.292582,0.411670,0.317424,0.399212,0.314959,0.443756,0.130139,0.154014,0.323609,0.387096,0.494914,0.232888,0.121624,0.440326,0.309582,0.462057,0.246568,0.132447,0.711863,0.122569,0.215282,0.138587,0.158107,0.353164,0.476131,0.568102,0.309685,0.251053,0.216251,0.264124,0.159341,0.158065,0.422135,0.119535,0.492926,0.339374,0.330643,0.224097,0.170524,0.146177,0.489255,0.066904,13.138220,2.003583,1.774455,0.885641,0.943620,0.725028
24,2500,0.878897,0.503997,0.895683,50207.631150,126,37,3105.797032,267.594065,0.934166,56.418958,0.536251,2.945784,16.591079,2.517303,97.350514,34.738505,-88.552843,279.793939,0.881527,14682610.766646,25.588647,37,126,0.804946,8039.435955,126.097742,37.000000,0.266990,0.042715,0.000317,0.000112,0.000000,0.000014,-0.000000,1,2.678242,0.782951,0.717789,0.498763,2500,50207.631150,3105.797032,267.594065,97.350514,34.738505,279.793939,8039.435955,58.632511,102.136400,6.685556,0.050214,0.781848,0.011266,0.002312,0.002905,0.003040,0.003522,0.003235,0.003490,0.004169,0.005190,0.006672,0.006947,0.008800,0.012509,0.010697,0.015665,0.018143,0.033987,0.045541,0.052933,0.054796,0.061047,0.055276,0.047536,0.059185,0.042460,0.060243,0.076028,0.054693,0.058138,0.051523,0.026402,0.012380,0.012298,0.010725,0.007983,0.009486,0.008841,0.005899,0.006231,0.005206,0.005676,0.005486,0.004544,0.003963,0.003488,0.003367,0.002770,0.002571,0.002003,3.465703,3.232571,1.702537,0.545524,0.274477,0.180292,0.112312,0.089209,0.084333,0.063804,0.046521,0.036822,0.035582,0.028863,0.023340,0.020249,0.018651,0.015076,0.015023,0.013404,0.010358,0.010033,0.010891,0.009621,0.009161,0.008314,0.008053,0.007942,0.007769,0.007341,0.007361,0.007148,0.007259,0.006612,0.006571,0.005805,0.005682,0.005773,0.005171,0.004949,0.005270,0.005183,0.004993,0.005099,0.004969,0.005117,0.005126,0.005294,0.005131,0.004865,0.036945,0.061776,0.849445,0.093598,0.324931,0.059547,0.187716,0.342193,0.055145,0.039332,0.074827,0.832298,0.085234,0.054492,0.119321,0.405698,0.328952,0.053496,0.202680,0.111768,0.845263,0.076783,0.070881,0.147976,0.374589,0.109420,0.216452,0.058816,0.327039,0.376661,0.124152,0.442571,0.108281,0.327822,0.638344,0.098760,0.040482,0.252605,0.509288,0.183806,0.098557,0.181317,0.571542,0.516247,0.075041,0.246668,0.184583,0.540789,0.182228,0.124322,0.202506,0.653914,0.219661,0.217033,0.076006,0.554655,0.423673,0.108048,0.550134,0.129713,0.253485,0.319623,0.097572,0.050588,0.429396,0.750431,0.207194,0.111658,0.132148,0.298333,0.286168,0.078469,0.278375,0.169541,0.745622,0.220198,0.125881,0.126086,0.379223,0.203090,0.269303,0.031935,8.935147,6.590814,5.632144,0.854545,0.956397,0.536680
25,14689,0.138467,0.323475,0.137376,296658.273814,248,390,53014.593365,1003.186729,0.780484,136.757507,0.151871,50.698231,50.756260,44.588863,337.268782,210.852412,19.136870,1803.339321,0.877688,79025026.486087,25.732296,253,367,0.277075,48299.786306,393.719894,238.912907,0.673115,0.086911,0.435664,0.045382,0.006240,0.012463,0.001335,1,2.345769,1.045677,1.023475,0.346157,14689,296658.273814,53014.593365,1003.186729,337.268782,210.852412,1803.339321,48299.786306,71.716783,80.065083,6.747623,0.073299,3.621864,0.023162,0.018079,0.023593,0.026642,0.035396,0.020693,0.018810,0.018053,0.019262,0.020831,0.017709,0.021826,0.021304,0.015210,0.020061,0.018906,0.022885,0.020076,0.017425,0.018732,0.021859,0.023109,0.019473,0.022644,0.016892,0.017215,0.022422,0.024881,0.032464,0.024770,0.016648,0.014781,0.014170,0.013538,0.011649,0.014198,0.022901,0.017311,0.018870,0.014241,0.018509,0.023512,0.025291,0.020728,0.024638,0.037591,0.026897,0.024654,0.018652,3.645340,1.306371,0.641738,0.307030,0.244874,0.144018,0.112927,0.087647,0.076788,0.049896,0.040453,0.033342,0.036918,0.028718,0.029481,0.023688,0.021592,0.017592,0.016645,0.015248,0.015012,0.012493,0.011725,0.011355,0.010671,0.010396,0.009615,0.008689,0.009086,0.008789,0.007870,0.007149,0.008028,0.007261,0.007411,0.006840,0.006971,0.006320,0.006569,0.006602,0.006433,0.006345,0.006391,0.006182,0.005732,0.005967,0.005695,0.006329,0.005931,0.006303,0.222749,0.260812,0.536237,0.228110,0.513385,0.229568,0.277923,0.290444,0.254775,0.281875,0.213636,0.502496,0.266964,0.448092,0.267540,0.235148,0.266563,0.390408,0.283824,0.188574,0.479074,0.280375,0.520021,0.273062,0.197912,0.214181,0.381753,0.250879,0.295983,0.348885,0.251077,0.567751,0.253567,0.308818,0.320942,0.282283,0.442032,0.284620,0.292211,0.239712,0.461848,0.383436,0.253323,0.263014,0.295083,0.475122,0.266384,0.203302,0.235601,0.533577,0.421356,0.207850,0.198957,0.247847,0.223706,0.253545,0.247434,0.247132,0.725622,0.248052,0.253862,0.248061,0.222116,0.509070,0.372487,0.208198,0.213780,0.391062,0.455316,0.246155,0.225142,0.203787,0.459610,0.469972,0.175667,0.158295,0.326471,0.534165,0.261392,0.169959,0.151131,0.004517,8.145444,1.138317,1.001145,0.879495,0.556294,0.158049
26,1647,0.537994,0.505775,0.604255,15425.716006,64,68,3226.966095,203.932190,0.461873,45.793291,0.378447,3.074599,2.922575,3.283051,61.821203,54.832082,-1.462540,405.747258,0.751898,19726834.831819,11.960803,64,68,0.510387,5620.742925,72.011172,62.027304,0.258966,0.000956,0.002469,0.000013,0.000000,0.000000,0.000000,1,2.165719,0.699314,0.699133,-0.034100,1647,15425.716006,3226.966095,203.932190,61.821203,54.832082,405.747258,5620.742925,71.080471,86.549484,6.663073,0.072098,3.788032,0.013870,0.012917,0.017010,0.015833,0.015932,0.014111,0.015385,0.015919,0.022006,0.025865,0.023466,0.029551,0.029911,0.017795,0.018254,0.014533,0.018139,0.026498,0.027581,0.029906,0.039609,0.052183,0.047175,0.051203,0.033316,0.021649,0.023397,0.021072,0.024907,0.022836,0.021042,0.018336,0.016977,0.017141,0.016742,0.019926,0.017604,0.011478,0.014690,0.012355,0.012692,0.010276,0.009848,0.011175,0.011350,0.013370,0.013764,0.013452,0.009823,1.382977,1.268630,0.501234,0.322830,0.266180,0.171511,0.105757,0.059248,0.054571,0.056238,0.045317,0.039589,0.039103,0.022461,0.022349,0.027382,0.022021,0.022952,0.023198,0.015599,0.015126,0.013752,0.010427,0.010379,0.011585,0.013745,0.012128,0.010535,0.010032,0.008108,0.007850,0.007293,0.006830,0.007078,0.008088,0.007886,0.006901,0.005916,0.005531,0.006247,0.005777,0.005714,0.006495,0.006574,0.005737,0.006041,0.006088,0.005562,0.005549,0.005609,0.137099,0.118460,0.732604,0.076359,0.542874,0.064029,0.191335,0.240825,0.176670,0.141205,0.119635,0.799664,0.083808,0.151595,0.352401,0.278935,0.248751,0.180034,0.337455,0.093439,0.773105,0.101284,0.166451,0.376277,0.163544,0.077992,0.259465,0.309997,0.297407,0.219882,0.097654,0.725561,0.081445,0.168065,0.324708,0.301350,0.317170,0.299209,0.286126,0.300851,0.379734,0.465690,0.258224,0.342555,0.303985,0.513169,0.096861,0.167797,0.318319,0.427568,0.496491,0.203391,0.121763,0.335081,0.247940,0.424471,0.215714,0.110367,0.761445,0.095582,0.153522,0.217102,0.199995,0.253697,0.518931,0.380465,0.495760,0.325316,0.153489,0.181010,0.257057,0.218134,0.488893,0.185692,0.279761,0.530488,0.386236,0.167361,0.158755,0.160870,0.372217,0.010004,4.059177,0.890201,0.950555,1.067798,0.502609,0.377987
27,18927,0.733771,0.753945,0.767447,2013931.322353,235,185,29313.110294,644.220589,0.565858,155.237253,0.435354,10.650433,8.129730,8.717302,185.291744,152.773507,55.006042,1307.337229,0.929884,57964970.808699,106.700565,178,225,0.645684,166270.011657,244.915476,167.724342,0.190435,0.001318,0.001724,0.000058,0.000000,0.000002,-0.000000,1,1.983222,0.687050,0.730763,-0.147172,18927,2013931.322353,29313.110294,644.220589,185.291744,152.773507,1307.337229,166270.011657,68.343418,104.791092,7.285194,0.067017,1.909706,0.007190,0.010990,0.017807,0.014878,0.013683,0.015063,0.014658,0.014572,0.016624,0.017253,0.013931,0.016146,0.022554,0.016369,0.017378,0.016293,0.021001,0.022089,0.019229,0.022184,0.023252,0.029429,0.026196,0.039480,0.030323,0.027962,0.034049,0.031680,0.027963,0.025226,0.023424,0.020054,0.022476,0.024596,0.017376,0.022957,0.026631,0.019276,0.023633,0.020437,0.022552,0.023948,0.020935,0.020853,0.020213,0.017845,0.012685,0.012356,0.009494,14.329876,1.075668,0.421287,0.400966,0.275024,0.155474,0.112093,0.078285,0.065632,0.050271,0.043018,0.029507,0.034096,0.028325,0.028194,0.024417,0.022283,0.020895,0.018814,0.016001,0.015352,0.013415,0.013004,0.011938,0.011320,0.010380,0.010715,0.010701,0.009892,0.009387,0.008644,0.008164,0.007904,0.007332,0.007851,0.007398,0.007294,0.007548,0.006661,0.006333,0.006409,0.006448,0.006852,0.006948,0.006732,0.006574,0.006348,0.006620,0.006589,0.006738,0.235847,0.235135,0.563581,0.181466,0.465900,0.268997,0.330870,0.286401,0.240024,0.246837,0.229576,0.577448,0.209354,0.284115,0.332759,0.390882,0.321093,0.248497,0.285642,0.225874,0.676441,0.151743,0.195777,0.276998,0.392559,0.213066,0.268765,0.334373,0.283648,0.273072,0.194228,0.574311,0.230397,0.314974,0.349462,0.301988,0.308213,0.297069,0.312480,0.287196,0.351357,0.352233,0.441982,0.366687,0.243521,0.339751,0.293466,0.368108,0.258098,0.293373,0.383352,0.463107,0.246316,0.296924,0.345167,0.353259,0.450209,0.199309,0.552217,0.175400,0.269515,0.236578,0.222123,0.320378,0.382249,0.554553,0.346524,0.251533,0.286175,0.311291,0.227448,0.172730,0.393671,0.317539,0.413395,0.344267,0.292863,0.354904,0.298510,0.190094,0.343229,0.011074,14.477519,0.932597,0.763324,0.818493,0.492773,0.471561
28,493,0.963489,0.947262,0.947262,8574.977148,28,24,514.841302,78.682604,0.394524,25.054083,0.733631,0.989132,0.855963,0.826125,26.204784,24.079197,-82.306487,82.426407,0.808539,5277735.578527,19.720000,25,28,0.957577,2197.281898,28.071306,24.000000,0.160234,0.000183,0.000008,0.000000,-0.000000,-0.000000,-0.000000,1,1.939708,0.611676,0.679705,-0.468723,493,8574.977148,514.841302,78.682604,26.204784,24.079197,82.426407,2197.281898,58.393850,111.302231,6.040873,0.049826,-1.061281,0.020247,0.011388,0.014186,0.015054,0.017485,0.016680,0.017146,0.018652,0.021692,0.022728,0.018499,0.019961,0.026001,0.016986,0.027441,0.023374,0.031204,0.034669,0.032724,0.030810,0.031975,0.042470,0.037218,0.040050,0.025068,0.023589,0.035178,0.030589,0.031358,0.023317,0.021043,0.021302,0.021277,0.019040,0.014916,0.015143,0.015492,0.009817,0.012764,0.012051,0.013204,0.011463,0.009792,0.010271,0.010477,0.011668,0.011112,0.011677,0.010000,0.563949,1.274488,1.517214,1.037075,0.604559,0.224058,0.094480,0.094758,0.083754,0.051690,0.039151,0.033734,0.030934,0.022109,0.020354,0.019415,0.017339,0.012155,0.010901,0.012385,0.012451,0.009347,0.007592,0.007622,0.008178,0.007430,0.006334,0.005812,0.006147,0.006000,0.005392,0.004997,0.005069,0.004885,0.004504,0.004224,0.004726,0.004794,0.004397,0.004063,0.004074,0.004088,0.003767,0.003844,0.003974,0.003824,0.003360,0.003365,0.003839,0.004352,0.034322,0.034871,0.861553,0.064452,0.438541,0.040657,0.104909,0.200250,0.078095,0.027208,0.037212,0.938448,0.042262,0.051215,0.159436,0.190474,0.210322,0.082725,0.249672,0.069006,0.913968,0.051157,0.058910,0.157416,0.121036,0.052271,0.222068,0.224556,0.188423,0.141984,0.042715,0.811558,0.056078,0.187860,0.371081,0.239415,0.267432,0.226765,0.240599,0.279158,0.338646,0.393786,0.413192,0.466935,0.287630,0.581479,0.083778,0.157398,0.291525,0.348126,0.375779,0.264566,0.084853,0.453322,0.244589,0.365544,0.226957,0.062540,0.844864,0.051614,0.074999,0.080630,0.150148,0.318350,0.481433,0.559973,0.416410,0.327558,0.131047,0.078874,0.097748,0.199148,0.560873,0.090328,0.303934,0.380292,0.316625,0.136198,0.081606,0.074274,0.556131,0.072563,5.981093,1.036118,0.865368,0.835202,0.954580,0.704286
29,2772,0.954545,0.803752,0.968975,128461.032602,75,56,2881.320605,194.641211,0.695533,59.408922,0.660000,1.550863,5.259478,0.855420,70.325177,50.528195,81.823059,206.107648,0.924075,10104689.463665,48.631579,57,75,0.962059,13537.509583,75.801009,53.851610,0.169012,0.002908,0.000005,0.000000,0.000000,0.000000,-0.000000,1,2.079204,0.636515,0.694021,-0.335194,2772,128461.032602,2881.320605,194.641211,70.325177,50.528195,206.107648,13537.509583,59.601281,81.737374,6.790027,0.051800,2.367335,0.010746,0.004357,0.005077,0.005147,0.005778,0.005583,0.006246,0.007311,0.010907,0.014602,0.016253,0.021723,0.025574,0.021684,0.029868,0.029585,0.045978,0.044587,0.037015,0.040979,0.042266,0.037187,0.027020,0.022549,0.018096,0.016766,0.017504,0.015414,0.014537,0.015593,0.017835,0.023225,0.035187,0.039825,0.032946,0.032700,0.037974,0.027480,0.038458,0.025125,0.021090,0.017458,0.013286,0.009563,0.006899,0.005639,0.003730,0.003595,0.002800,7.054250,6.405747,2.089810,0.574275,0.281438,0.179293,0.137858,0.098152,0.069738,0.062020,0.046266,0.037493,0.032945,0.028215,0.024174,0.020360,0.018270,0.017099,0.014915,0.012949,0.012392,0.011402,0.010020,0.009075,0.009429,0.008574,0.007521,0.007205,0.007219,0.007438,0.006187,0.006042,0.005554,0.005991,0.005208,0.005314,0.005614,0.005055,0.004921,0.004905,0.004792,0.004606,0.004600,0.004346,0.004684,0.004250,0.004416,0.004395,0.004226,0.003904,0.078259,0.052035,0.761564,0.092146,0.428021,0.083721,0.212643,0.348168,0.214584,0.065866,0.069359,0.755939,0.069076,0.085677,0.339599,0.396698,0.348468,0.114749,0.200283,0.098925,0.771863,0.067487,0.104204,0.381917,0.295268,0.104412,0.308171,0.329728,0.317719,0.257252,0.135658,0.668532,0.149358,0.208444,0.291210,0.329022,0.207677,0.405930,0.370312,0.312996,0.210070,0.521943,0.318375,0.319254,0.192749,0.392325,0.194746,0.241530,0.347181,0.282159,0.559030,0.211806,0.145554,0.413650,0.293881,0.563433,0.261836,0.137078,0.677495,0.116121,0.142584,0.100577,0.076800,0.172954,0.635593,0.588351,0.360442,0.151759,0.152588,0.156473,0.107410,0.087736,0.423597,0.243489,0.522480,0.424497,0.241731,0.186050,0.113179,0.119163,0.433631,0.065254,13.449283,6.148417,3.391323,0.551577,0.944367,0.648421
30,1821,0.792194,0.826828,0.793843,58088.702663,84,51,2971.023682,212.047363,0.451902,48.151523,0.425070,4.424913,4.377038,4.371697,54.844634,48.925123,67.468231,249.415260,0.865114,11873591.509866,33.685185,54,81,0.612920,13262.444314,85.614905,50.631618,0.185291,0.000444,0.001117,0.000083,0.000000,0.000002,-0.000000,1,2.493625,0.729628,0.752814,0.128092,1821,58088.702663,2971.023682,212.047363,54.844634,48.925123,249.415260,13262.444314,61.531074,87.300934,6.792658,0.055021,2.038473,0.010848,0.030706,0.035192,0.026020,0.025481,0.022707,0.023239,0.023219,0.023205,0.022126,0.018656,0.019801,0.024320,0.019287,0.023731,0.020367,0.022583,0.023489,0.022225,0.021196,0.027144,0.038969,0.033922,0.028949,0.019523,0.017921,0.026426,0.023558,0.024821,0.023272,0.020246,0.016860,0.015993,0.013508,0.011027,0.012637,0.011848,0.007103,0.009934,0.008605,0.010250,0.010379,0.010439,0.011568,0.014073,0.020261,0.024436,0.030303,0.028477,2.914639,3.637243,1.421188,0.523615,0.292475,0.099987,0.124820,0.112426,0.069665,0.043819,0.042011,0.036147,0.034517,0.026216,0.027923,0.021484,0.019902,0.018444,0.016941,0.016376,0.014740,0.013577,0.011460,0.011449,0.010826,0.010138,0.012000,0.010770,0.010578,0.008974,0.008058,0.007694,0.007900,0.009101,0.008831,0.009722,0.008170,0.007565,0.007335,0.007416,0.007865,0.007817,0.007918,0.007483,0.007335,0.006588,0.006737,0.007471,0.007087,0.007333,0.046919,0.067279,0.758957,0.088153,0.403348,0.055501,0.218004,0.414565,0.155960,0.040359,0.042700,0.787028,0.106707,0.139577,0.232320,0.332360,0.412882,0.106579,0.257142,0.080280,0.831830,0.081267,0.162169,0.267055,0.246402,0.077661,0.254016,0.270658,0.273696,0.319355,0.162434,0.654877,0.078195,0.167267,0.432678,0.270729,0.220064,0.281500,0.398889,0.425734,0.365368,0.348517,0.210134,0.443249,0.190742,0.520304,0.170665,0.203565,0.381191,0.399812,0.408507,0.211247,0.123222,0.356193,0.288000,0.433952,0.456268,0.155893,0.666773,0.078361,0.107327,0.155523,0.099116,0.230895,0.446238,0.668011,0.426844,0.197839,0.126198,0.170015,0.168769,0.081660,0.476175,0.179716,0.436449,0.491104,0.243845,0.160466,0.183408,0.132471,0.415800,0.029273,7.301077,1.001222,0.989181,0.987974,0.850178,0.415866
31,3487,0.813827,0.782846,0.871486,171797.339763,86,68,4304.631692,238.263384,0.640430,66.631721,0.596272,3.430151,4.130729,2.818440,78.501212,60.290241,58.564907,320.249783,0.905408,15283771.025334,49.098592,71,86,0.810058,22272.414154,89.283802,68.000000,0.175555,0.002051,0.000336,0.000014,0.000000,-0.000000,-0.000000,1,2.021731,0.637971,0.688729,-0.332868,3487,171797.339763,4304.631692,238.263384,78.501212,60.290241,320.249783,22272.414154,66.589069,112.654144,7.013998,0.063838,1.149714,0.008746,0.010050,0.013544,0.016232,0.018761,0.017435,0.016272,0.015972,0.017790,0.019243,0.014191,0.018238,0.022141,0.013942,0.021899,0.020505,0.030316,0.028965,0.026127,0.026090,0.029981,0.041518,0.044156,0.048562,0.039379,0.030990,0.036779,0.036387,0.040152,0.034968,0.028718,0.020381,0.018152,0.013558,0.012199,0.015084,0.016243,0.010809,0.013003,0.012844,0.015375,0.013033,0.010490,0.007663,0.007139,0.007568,0.008932,0.009604,0.008622,6.897731,4.527233,1.102398,0.324430,0.221827,0.123147,0.132569,0.106936,0.082080,0.059327,0.053592,0.033322,0.029766,0.025102,0.028150,0.024353,0.019827,0.018354,0.016930,0.016583,0.014927,0.014077,0.012507,0.011271,0.010929,0.010595,0.009368,0.008354,0.009000,0.008351,0.008430,0.007547,0.007549,0.006948,0.006608,0.005823,0.005948,0.006121,0.005968,0.005592,0.005466,0.005738,0.005599,0.005240,0.005141,0.005215,0.005492,0.005436,0.005456,0.005450,0.100726,0.105257,0.741891,0.141592,0.491473,0.091942,0.218763,0.288968,0.164208,0.093633,0.117246,0.797938,0.146670,0.112487,0.236544,0.368114,0.298152,0.162045,0.287693,0.110261,0.802092,0.114744,0.112814,0.238091,0.250000,0.123227,0.318524,0.231008,0.221601,0.197639,0.211045,0.651700,0.136210,0.210769,0.446216,0.356550,0.202673,0.233854,0.272286,0.307023,0.316571,0.380365,0.410745,0.458193,0.335089,0.407863,0.158484,0.247941,0.260312,0.329456,0.431305,0.410701,0.230765,0.403484,0.213577,0.444174,0.292117,0.187750,0.647255,0.103279,0.166214,0.320378,0.276832,0.185022,0.425594,0.563389,0.359264,0.264137,0.191167,0.263881,0.319433,0.245302,0.415150,0.151601,0.535127,0.360791,0.286781,0.236711,0.282600,0.174601,0.373511,0.034000,10.888376,1.465608,1.204241,0.821666,0.743992,0.570914
32,3812,0.914983,0.539753,0.916033,266453.264616,108,52,4311.561631,261.123262,0.903347,69.667705,0.678775,1.986521,13.801962,2.048882,107.455389,46.088674,80.105581,301.208153,0.920609,14682302.684691,76.220000,50,109,0.884134,33370.815927,110.676529,50.010155,0.224083,0.023854,0.000058,0.000029,0.000000,0.000004,0.000000,1,2.313259,0.690067,0.678438,0.180969,3812,266453.264616,4311.561631,261.123262,107.455389,46.088674,301.208153,33370.815927,65.323257,127.223505,6.924654,0.061582,-0.421803,0.009109,0.010075,0.013076,0.011859,0.012546,0.011817,0.010845,0.011686,0.012870,0.012015,0.010973,0.013103,0.013737,0.007769,0.011042,0.010387,0.015408,0.016480,0.016920,0.022994,0.028870,0.039856,0.066419,0.076037,0.051248,0.029848,0.049852,0.060704,0.056395,0.032337,0.023651,0.022410,0.025271,0.021691,0.018126,0.019646,0.017432,0.011713,0.012899,0.009363,0.009350,0.008479,0.008078,0.007454,0.008232,0.009813,0.009424,0.010989,0.008809,7.315464,5.152818,1.920299,0.478989,0.266149,0.167964,0.128258,0.083973,0.072653,0.061801,0.050202,0.037729,0.030286,0.027996,0.029517,0.021639,0.019323,0.017429,0.015548,0.013840,0.013785,0.013075,0.012218,0.010469,0.010665,0.009831,0.009329,0.007932,0.008204,0.007363,0.007509,0.007113,0.006504,0.005915,0.006068,0.005945,0.005746,0.006256,0.005939,0.005590,0.005587,0.005398,0.004696,0.005219,0.005301,0.004960,0.004623,0.004715,0.005172,0.004945,0.075310,0.119640,0.781374,0.124241,0.382815,0.147391,0.338521,0.240579,0.115270,0.069456,0.235062,0.770286,0.116492,0.106962,0.240014,0.470504,0.191774,0.076228,0.245303,0.247057,0.811792,0.069936,0.084507,0.227815,0.272729,0.118603,0.259618,0.163593,0.420032,0.311764,0.226346,0.552955,0.225791,0.373707,0.353257,0.164902,0.130418,0.423786,0.397356,0.242815,0.205407,0.345102,0.501936,0.385799,0.156447,0.388051,0.336769,0.289128,0.164457,0.236974,0.401672,0.387345,0.300446,0.409339,0.137101,0.475218,0.498360,0.172830,0.570021,0.152707,0.244634,0.247310,0.088800,0.100219,0.329834,0.753150,0.177921,0.139971,0.162535,0.310838,0.352750,0.123335,0.339379,0.168539,0.662239,0.174080,0.213167,0.200746,0.270853,0.315823,0.358756,0.042016,12.655700,6.736338,6.947805,1.031392,0.866920,0.699266
33,1731,0.650289,0.378613,0.637572,18850.333297,128,41,3510.385617,275.771235,0.964227,46.946540,0.329840,3.861150,15.666063,3.528914,108.092592,28.652886,86.140912,397.161472,0.754771,20713763.865011,13.896772,41,127,0.493108,5961.954942,128.061624,40.816262,0.451248,0.153662,0.001969,0.001840,0.000003,0.000668,-0.000001,1,2.663695,0.920761,0.827174,0.604487,1731,18850.333297,3510.385617,275.771235,108.092592,28.652886,397.161472,5961.954942,69.909408,87.240324,6.592314,0.069906,4.275980,0.013348,0.007778,0.010486,0.009849,0.011635,0.012581,0.014109,0.015966,0.017314,0.019708,0.018319,0.024548,0.029847,0.018672,0.019683,0.018742,0.019113,0.018187,0.018986,0.020315,0.036982,0.049711,0.062058,0.072635,0.035346,0.026501,0.022024,0.021371,0.026250,0.022494,0.027903,0.026957,0.025425,0.018637,0.015133,0.017356,0.022425,0.014817,0.018579,0.014714,0.015252,0.013063,0.011701,0.010575,0.010671,0.010600,0.009024,0.008854,0.007104,1.111775,1.121188,0.809062,0.496275,0.265553,0.136525,0.116492,0.081097,0.080585,0.060430,0.046108,0.038880,0.035873,0.030761,0.026012,0.022901,0.020922,0.019583,0.017866,0.017691,0.016521,0.013344,0.011753,0.010507,0.010992,0.009943,0.010394,0.009825,0.009835,0.009030,0.007918,0.006762,0.006577,0.006730,0.006659,0.006018,0.006849,0.006603,0.005726,0.005394,0.005475,0.005726,0.005839,0.005856,0.005682,0.006047,0.005422,0.005590,0.005559,0.005669,0.052007,0.064055,0.853167,0.080726,0.295442,0.059993,0.226479,0.336109,0.060277,0.033969,0.070411,0.842629,0.059124,0.048093,0.137810,0.395925,0.317697,0.037079,0.163538,0.086987,0.875376,0.056241,0.058224,0.149583,0.353443,0.111502,0.181994,0.136491,0.518595,0.270286,0.092447,0.517370,0.123502,0.338848,0.471912,0.101898,0.101163,0.472805,0.389498,0.257306,0.141543,0.242139,0.547844,0.407664,0.057583,0.310266,0.191615,0.435113,0.315274,0.184652,0.270913,0.582359,0.188898,0.309807,0.128068,0.661691,0.345017,0.095454,0.595039,0.119098,0.163764,0.131276,0.072840,0.114390,0.640197,0.624345,0.293233,0.140872,0.108438,0.228685,0.115818,0.062886,0.373485,0.258747,0.605529,0.418800,0.201886,0.124316,0.225134,0.144638,0.351681,0.010974,4.358429,4.439344,4.057357,0.913954,0.694355,0.332245
34,2120,0.865629,0.353135,0.871287,34036.480847,104,39,2728.445093,226.890186,0.952862,51.954478,0.522682,2.007781,12.666643,1.951862,97.113489,29.464609,-82.353640,276.592929,0.865908,14309822.925560,20.464023,37,104,0.776999,6918.066943,104.936303,37.274251,0.303489,0.063667,0.000350,0.000102,0.000000,0.000016,-0.000000,1,2.666807,0.729879,0.670359,0.490691,2120,34036.480847,2728.445093,226.890186,97.113489,29.464609,276.592929,6918.066943,62.789596,127.210849,6.752409,0.057165,-0.808254,0.010932,0.004173,0.005383,0.005607,0.006582,0.005849,0.006014,0.006373,0.006161,0.007837,0.009219,0.013495,0.017781,0.013375,0.020804,0.024886,0.048922,0.062148,0.064871,0.062366,0.062770,0.070106,0.055205,0.044350,0.028786,0.021701,0.027107,0.026035,0.031271,0.029374,0.029122,0.025266,0.017781,0.011996,0.012006,0.015835,0.016292,0.010496,0.011063,0.009614,0.008572,0.007209,0.006329,0.006221,0.005690,0.005633,0.004588,0.004262,0.003475,2.507298,2.636947,1.731255,0.818407,0.229688,0.152133,0.142548,0.091660,0.062217,0.053296,0.051534,0.038428,0.033927,0.026812,0.024061,0.020347,0.018013,0.015489,0.012540,0.012940,0.014383,0.012483,0.012566,0.011491,0.010574,0.009799,0.009696,0.008447,0.007790,0.007376,0.007147,0.006549,0.006683,0.007035,0.006556,0.005896,0.006138,0.006314,0.006166,0.006372,0.005846,0.005666,0.005843,0.005394,0.005227,0.005279,0.005344,0.005261,0.005115,0.005360,0.039513,0.054999,0.865269,0.082640,0.335046,0.052293,0.127386,0.320285,0.078057,0.027962,0.089632,0.864604,0.063523,0.036526,0.076054,0.387006,0.280908,0.061697,0.186267,0.127368,0.861468,0.075939,0.046693,0.102994,0.405511,0.067273,0.139409,0.128164,0.216594,0.388183,0.111401,0.505080,0.072401,0.340785,0.615467,0.135211,0.071053,0.197356,0.565882,0.197321,0.080171,0.085926,0.564741,0.505740,0.091251,0.247675,0.154632,0.554362,0.331025,0.068749,0.134990,0.589187,0.271745,0.232194,0.132316,0.368781,0.583651,0.097863,0.518061,0.085536,0.340787,0.310434,0.089759,0.089695,0.276074,0.781631,0.215999,0.089594,0.063352,0.356070,0.338044,0.070948,0.300775,0.065162,0.640036,0.402464,0.080378,0.073164,0.227884,0.376647,0.357847,0.027711,7.664693,6.489517,6.308779,0.972149,0.820304,0.551195
35,921,0.703704,0.708061,0.749455,20686.602226,53,38,1434.308200,138.616400,0.396239,34.244030,0.457299,3.730109,1.543795,3.342658,40.436317,37.126497,56.404068,189.302561,0.789951,9486013.586179,20.863636,44,48,0.642121,5365.122468,53.598958,36.731120,0.204275,0.000303,0.000424,0.000563,-0.000000,-0.000001,0.000000,1,2.145277,0.690361,0.703281,-0.106838,921,20686.602226,1434.308200,138.616400,40.436317,37.126497,189.302561,5365.122468,66.643801,112.223670,6.578679,0.063936,-0.173377,0.013585,0.015039,0.016683,0.015667,0.016254,0.014436,0.012811,0.011919,0.013849,0.015711,0.013528,0.013810,0.017103,0.013118,0.023924,0.025213,0.040173,0.052094,0.050897,0.044364,0.040859,0.040896,0.032507,0.031053,0.022443,0.022584,0.028826,0.026755,0.024058,0.018422,0.016826,0.016484,0.018000,0.019520,0.016522,0.016825,0.017087,0.010645,0.016835,0.014158,0.016134,0.017773,0.014377,0.013877,0.013656,0.013096,0.010870,0.012166,0.010154,1.034381,1.795343,1.341345,0.546614,0.208178,0.151381,0.094246,0.065624,0.074706,0.061248,0.054261,0.038991,0.032220,0.028434,0.033235,0.028490,0.020774,0.017383,0.015046,0.015047,0.013977,0.013142,0.014736,0.014687,0.012879,0.009395,0.009648,0.009579,0.009971,0.008612,0.007471,0.007956,0.007346,0.007060,0.007384,0.008283,0.008522,0.007396,0.006900,0.006240,0.005943,0.006332,0.006550,0.006342,0.006091,0.006137,0.006065,0.006011,0.006300,0.007277,0.063099,0.074423,0.815574,0.070752,0.477244,0.049374,0.090179,0.259272,0.121483,0.050388,0.086233,0.888355,0.087032,0.102472,0.180083,0.242702,0.277639,0.119815,0.194288,0.089293,0.874287,0.088194,0.116388,0.195471,0.236379,0.065492,0.264957,0.266856,0.220857,0.115755,0.072975,0.778694,0.061330,0.140391,0.381657,0.292892,0.292820,0.268405,0.219404,0.343754,0.299745,0.405802,0.352766,0.451930,0.304469,0.434003,0.142683,0.238448,0.361083,0.346737,0.450383,0.330387,0.134638,0.392030,0.280950,0.379533,0.187382,0.089497,0.821031,0.073383,0.116660,0.117548,0.164295,0.335308,0.450196,0.561840,0.416085,0.228588,0.199163,0.211892,0.168971,0.175300,0.506598,0.155156,0.487506,0.434152,0.262268,0.225686,0.189584,0.155642,0.336522,0.025701,4.865227,0.461846,0.413874,0.896129,0.732248,0.434659
36,494,0.935354,0.901010,0.943434,8847.248511,28,24,515.367487,78.734975,0.489081,25.079480,0.735119,1.462767,1.228371,1.195736,26.933541,23.492474,-81.862177,82.669048,0.806986,5302157.059218,20.625000,24,28,0.958539,2267.378360,28.284198,24.000000,0.161276,0.000480,0.000031,0.000000,0.000000,0.000000,0.000000,1,1.955584,0.609624,0.677845,-0.447304,494,8847.248511,515.367487,78.734975,26.933541,23.492474,82.669048,2267.378360,56.329977,106.022267,5.994455,0.046527,-0.939268,0.020522,0.009942,0.012754,0.013201,0.014991,0.013847,0.014319,0.014992,0.016675,0.017431,0.014885,0.020152,0.030118,0.022242,0.032938,0.027991,0.035527,0.038429,0.034304,0.033054,0.034940,0.043831,0.036202,0.039428,0.025567,0.023270,0.034391,0.030379,0.031672,0.022376,0.019781,0.018978,0.019619,0.018302,0.014791,0.015323,0.017023,0.011095,0.014062,0.012783,0.013625,0.012488,0.010937,0.011622,0.011113,0.011602,0.009816,0.009539,0.007649,0.563693,1.263296,1.494640,1.022456,0.603505,0.230409,0.096555,0.091262,0.081701,0.054215,0.039280,0.029815,0.029277,0.024512,0.021417,0.017242,0.016176,0.014450,0.012832,0.011366,0.011448,0.010520,0.008907,0.007138,0.007386,0.007624,0.006784,0.005386,0.005442,0.005760,0.005276,0.004464,0.004537,0.004870,0.004622,0.004001,0.004088,0.004428,0.004087,0.003813,0.003705,0.004001,0.003856,0.003679,0.003416,0.003682,0.004065,0.004129,0.003426,0.003279,0.036910,0.032156,0.860989,0.049905,0.435517,0.034012,0.100918,0.186447,0.134277,0.032397,0.029619,0.930575,0.022712,0.100094,0.164390,0.212678,0.179375,0.130899,0.208246,0.062315,0.911375,0.039665,0.107952,0.165159,0.160967,0.037598,0.233059,0.207427,0.273276,0.138678,0.045611,0.845465,0.046025,0.113906,0.246769,0.264913,0.260133,0.360597,0.343225,0.375531,0.369002,0.355716,0.275988,0.294073,0.343691,0.581835,0.073443,0.221554,0.354668,0.354790,0.323939,0.198527,0.084913,0.451396,0.227769,0.353182,0.209602,0.077104,0.870441,0.064500,0.059562,0.058751,0.068376,0.313947,0.521747,0.577097,0.461388,0.242521,0.073177,0.079256,0.088472,0.070786,0.664693,0.120321,0.328370,0.383501,0.234315,0.085177,0.082926,0.103013,0.457335,0.072284,5.975634,1.027293,0.839758,0.817448,0.952412,0.736607
37,3095,0.933764,0.677868,0.944750,170762.184984,111,49,3575.027291,249.054582,0.827453,62.774807,0.569038,1.926495,11.136453,2.147209,84.568732,47.488281,-88.974967,250.344192,0.918850,12259417.151544,63.163265,49,111,0.865728,24206.891196,111.449169,49.000000,0.189902,0.009772,0.000017,0.000001,0.000000,0.000000,-0.000000,1,2.498068,0.695472,0.719233,0.143310,3095,170762.184984,3575.027291,249.054582,84.568732,47.488281,250.344192,24206.891196,65.574224,102.638126,7.055954,0.062026,2.456702,0.008966,0.004001,0.005188,0.006071,0.007619,0.007215,0.006854,0.006742,0.007640,0.007696,0.007241,0.008307,0.011950,0.010516,0.016825,0.018855,0.032232,0.048781,0.049648,0.046497,0.044890,0.050324,0.044553,0.044356,0.036114,0.033920,0.045847,0.047508,0.038574,0.031161,0.029077,0.025221,0.028704,0.028372,0.022629,0.022390,0.026394,0.017712,0.018379,0.011186,0.007787,0.005726,0.004280,0.004099,0.004050,0.004229,0.004248,0.004696,0.003697,6.714990,5.444992,1.959937,0.468955,0.261159,0.168777,0.138470,0.080292,0.067027,0.057139,0.048126,0.031618,0.032092,0.028456,0.025914,0.019145,0.019245,0.017611,0.016449,0.013281,0.013023,0.012022,0.011627,0.010329,0.010055,0.009299,0.009174,0.008361,0.008592,0.007922,0.007600,0.007091,0.006734,0.006719,0.006753,0.006513,0.005800,0.006526,0.006586,0.006303,0.005807,0.005831,0.005920,0.005734,0.005960,0.006169,0.005896,0.005980,0.006130,0.005820,0.039937,0.095679,0.764956,0.130972,0.367599,0.056299,0.169755,0.462486,0.076998,0.040070,0.128353,0.797139,0.083418,0.052362,0.151207,0.417070,0.370984,0.048457,0.211273,0.135389,0.826345,0.053087,0.071840,0.233918,0.378957,0.065333,0.208836,0.227914,0.365901,0.263463,0.164676,0.538837,0.156482,0.216773,0.586044,0.111218,0.133324,0.318273,0.501276,0.200486,0.126907,0.271029,0.505290,0.487363,0.083964,0.307167,0.173306,0.503871,0.219901,0.148082,0.376593,0.536158,0.156883,0.312317,0.258293,0.613960,0.253632,0.093673,0.607037,0.207810,0.205385,0.156698,0.069399,0.152642,0.500809,0.662851,0.228011,0.131662,0.182021,0.368507,0.205322,0.078158,0.345688,0.137166,0.681412,0.305093,0.130125,0.149962,0.362633,0.200854,0.304981,0.049384,12.362979,5.186478,5.780680,1.114568,0.994849,0.569038
38,2859,0.696885,0.409870,0.747987,55402.722630,163,49,5834.928339,362.856678,0.952478,60.334003,0.357957,4.692472,27.956922,4.862409,122.146982,37.206846,-81.839112,435.676190,0.845607,21011280.585341,24.692008,48,164,0.489980,9565.839705,164.344279,48.034778,0.356299,0.087494,0.009193,0.005888,0.000043,0.001704,-0.000000,1,2.279868,0.964332,0.846756,0.501625,2859,55402.722630,5834.928339,362.856678,122.146982,37.206846,435.676190,9565.839705,66.026831,100.990906,6.832437,0.062832,1.427423,0.010486,0.005357,0.006609,0.006248,0.006616,0.006288,0.006507,0.006164,0.007049,0.007792,0.007886,0.010509,0.013986,0.013342,0.018748,0.019252,0.028971,0.050922,0.059806,0.052435,0.045381,0.045769,0.040021,0.048694,0.061518,0.036403,0.044869,0.028024,0.033665,0.033547,0.026542,0.024907,0.022726,0.027736,0.020911,0.018180,0.015516,0.009605,0.011237,0.009272,0.009562,0.007880,0.006709,0.006815,0.006614,0.006228,0.005979,0.006274,0.004927,2.850740,2.331237,1.178014,0.329229,0.250342,0.142580,0.114478,0.091668,0.074058,0.055458,0.044287,0.035434,0.034896,0.028007,0.025039,0.019567,0.018693,0.018559,0.017154,0.016767,0.015555,0.013707,0.014337,0.012861,0.011862,0.009615,0.009287,0.009542,0.009308,0.009006,0.008322,0.007626,0.007422,0.007257,0.007867,0.008043,0.007735,0.007876,0.007148,0.006491,0.006457,0.006504,0.006299,0.006493,0.006587,0.006409,0.006385,0.006622,0.006791,0.006450,0.040789,0.101338,0.791382,0.097254,0.289006,0.089734,0.358389,0.359687,0.054116,0.036310,0.113273,0.805809,0.125919,0.057825,0.100807,0.464733,0.298332,0.046714,0.159637,0.126632,0.865756,0.115945,0.062760,0.106683,0.336542,0.172314,0.192951,0.107969,0.343794,0.510176,0.172750,0.376417,0.120859,0.384687,0.520031,0.072889,0.053175,0.223823,0.630553,0.295407,0.072970,0.136475,0.490366,0.439782,0.066294,0.276412,0.207971,0.560581,0.308595,0.092856,0.193458,0.502361,0.279095,0.307494,0.141013,0.442958,0.614648,0.179352,0.503760,0.118384,0.206107,0.242558,0.069561,0.085874,0.322823,0.771072,0.330589,0.092397,0.126647,0.229109,0.314006,0.094352,0.527297,0.213913,0.423193,0.360822,0.148241,0.194936,0.195802,0.251840,0.452963,0.015062,6.562213,5.749603,5.957824,1.036215,0.832859,0.362932
39,431,0.879070,0.876744,0.865116,6853.646173,28,25,483.487194,77.974389,0.374609,23.425760,0.615714,1.408287,1.125432,1.184068,24.687615,22.889939,35.912486,79.633514,0.803997,4366500.260471,17.200000,25,25,0.891440,1936.283905,29.410735,24.192972,0.163979,0.000153,0.000186,0.000000,-0.000000,-0.000000,0.000000,1,1.959625,0.615669,0.674957,-0.417027,431,6853.646173,483.487194,77.974389,24.687615,22.889939,79.633514,1936.283905,54.012110,87.976798,5.857733,0.042938,-0.440463,0.023961,0.014179,0.018392,0.015690,0.017261,0.014449,0.013151,0.014214,0.016138,0.017063,0.016564,0.025233,0.035216,0.024265,0.031897,0.026523,0.031691,0.031241,0.028303,0.026363,0.028102,0.031260,0.026275,0.027411,0.019114,0.020114,0.028224,0.028497,0.030126,0.024447,0.021003,0.019002,0.017536,0.016253,0.014324,0.015362,0.019831,0.013167,0.017254,0.015901,0.018672,0.019545,0.019509,0.020272,0.019118,0.017093,0.013650,0.011631,0.009474,0.555811,1.218508,1.519286,1.109591,0.588952,0.152594,0.101754,0.110869,0.095861,0.050994,0.035695,0.040801,0.045180,0.026738,0.014154,0.016168,0.024256,0.020117,0.011654,0.009806,0.014070,0.013829,0.009476,0.007136,0.008889,0.009543,0.007963,0.006072,0.006643,0.007788,0.007467,0.006741,0.006582,0.006310,0.005875,0.005454,0.005854,0.006046,0.005247,0.004563,0.004431,0.005390,0.005812,0.005264,0.004415,0.004487,0.004589,0.004463,0.004307,0.004357,0.049019,0.037859,0.804468,0.058736,0.537608,0.044635,0.098434,0.166964,0.130241,0.046196,0.034029,0.919419,0.026440,0.110543,0.180994,0.234394,0.181463,0.133517,0.253334,0.073057,0.870953,0.044076,0.129010,0.169654,0.180927,0.055286,0.297931,0.217718,0.249721,0.104155,0.052254,0.873896,0.039939,0.119855,0.214814,0.225516,0.276560,0.360039,0.414168,0.302888,0.345945,0.320258,0.361636,0.301004,0.294920,0.564286,0.083385,0.307520,0.265277,0.334756,0.288809,0.252073,0.073655,0.495223,0.197991,0.297127,0.128015,0.081149,0.911666,0.063760,0.074633,0.044425,0.082426,0.322458,0.538340,0.584910,0.406725,0.248551,0.102622,0.110348,0.060287,0.102660,0.626817,0.125275,0.365352,0.302239,0.227190,0.092449,0.075663,0.078514,0.542697,0.067965,5.412294,0.950480,0.799150,0.840786,0.979165,0.688000
40,1363,0.737717,0.592593,0.752834,17984.239928,72,62,2864.822601,201.645201,0.839526,41.658439,0.305332,2.576701,5.826387,2.908485,65.399417,35.532730,40.191678,299.178716,0.759732,15351346.652524,16.826403,50,72,0.475771,4677.263344,79.646251,49.950742,0.253833,0.019079,0.000402,0.000586,0.000000,0.000081,0.000000,1,2.333685,0.795879,0.769651,0.242956,1363,17984.239928,2864.822601,201.645201,65.399417,35.532730,299.178716,4677.263344,70.354428,64.741746,6.405022,0.070736,7.634568,0.017482,0.010401,0.017053,0.019284,0.020496,0.016283,0.013155,0.014488,0.015150,0.019832,0.021855,0.025150,0.029323,0.019558,0.021500,0.020608,0.020310,0.015963,0.017377,0.019378,0.023303,0.028157,0.030170,0.035373,0.024710,0.022609,0.028241,0.023984,0.031877,0.029552,0.027580,0.023353,0.025934,0.030102,0.028349,0.039055,0.033986,0.016257,0.016770,0.014057,0.016870,0.014104,0.011007,0.012201,0.013274,0.013443,0.010776,0.010219,0.007524,1.338425,1.697551,0.801874,0.137899,0.130732,0.162632,0.108484,0.085404,0.070175,0.053512,0.047979,0.042819,0.034290,0.029597,0.027131,0.025139,0.020613,0.015667,0.013520,0.014947,0.014587,0.010998,0.012339,0.013685,0.012330,0.008987,0.008948,0.009985,0.009890,0.008603,0.008209,0.008364,0.007588,0.006178,0.007277,0.007011,0.006511,0.006603,0.006967,0.006469,0.005734,0.006347,0.006350,0.005809,0.005840,0.006469,0.005849,0.005237,0.005303,0.004931,0.196234,0.084384,0.717390,0.110344,0.526694,0.081357,0.232955,0.246549,0.168718,0.187320,0.119937,0.772102,0.071168,0.145341,0.350656,0.344496,0.236630,0.174824,0.259961,0.138871,0.789505,0.066283,0.138743,0.374337,0.184288,0.066025,0.296179,0.455765,0.384949,0.090969,0.088086,0.720061,0.150674,0.118117,0.209930,0.169836,0.441473,0.487608,0.105053,0.184464,0.377271,0.505377,0.207458,0.213788,0.189189,0.350537,0.204111,0.113932,0.217323,0.456014,0.518658,0.198323,0.120737,0.494355,0.302239,0.499764,0.106686,0.076220,0.764600,0.166050,0.133601,0.081655,0.070647,0.308194,0.672708,0.433743,0.227804,0.296185,0.238847,0.192378,0.143289,0.100679,0.384649,0.254557,0.434081,0.271731,0.386920,0.192583,0.163983,0.170398,0.531280,0.015228,4.555805,2.003237,2.261181,1.128763,0.673996,0.367500
41,1243,0.766747,0.723971,0.747377,19783.786578,46,70,2108.941693,180.883386,0.645315,39.782367,0.386025,5.815225,4.277886,5.303487,50.283400,38.412312,-25.610324,207.172619,0.780215,14850295.896383,20.287493,50,66,0.589395,4221.724829,70.256563,46.000000,0.466188,0.120558,0.082454,0.080498,0.006553,0.027840,-0.000258,2,2.185191,0.728175,0.756195,-0.022604,1471,20918.432397,2576.089386,266.178772,78.313234,61.115536,304.569589,5044.301508,74.569189,115.171992,6.707688,0.078778,0.744264,0.013586,0.011282,0.014884,0.012016,0.012752,0.017143,0.025483,0.027024,0.030964,0.044141,0.053606,0.069356,0.074092,0.037344,0.037719,0.028354,0.025120,0.020914,0.016391,0.013463,0.012874,0.014296,0.013462,0.013731,0.011758,0.012262,0.018330,0.018513,0.021202,0.015496,0.012189,0.011561,0.013808,0.016137,0.015359,0.013701,0.016000,0.010473,0.013926,0.012274,0.015834,0.020574,0.018286,0.017184,0.015655,0.016278,0.017050,0.011749,0.007985,1.500172,1.552989,0.901346,0.278037,0.212119,0.131985,0.112545,0.097864,0.079858,0.046367,0.038802,0.035860,0.036224,0.023308,0.027296,0.024946,0.020143,0.017577,0.015737,0.014429,0.014007,0.013709,0.011290,0.010058,0.012820,0.011894,0.011621,0.010646,0.008987,0.007718,0.008627,0.007420,0.007730,0.007566,0.007385,0.007612,0.007096,0.007195,0.006235,0.006580,0.005899,0.007145,0.006778,0.006651,0.007111,0.007739,0.007405,0.006879,0.006916,0.006167,0.073904,0.064624,0.628707,0.141790,0.667328,0.110630,0.081306,0.190097,0.273260,0.109966,0.105382,0.674044,0.234645,0.319092,0.252029,0.162438,0.352992,0.388690,0.375941,0.123718,0.626816,0.175876,0.317942,0.219058,0.147667,0.235423,0.439577,0.268737,0.126664,0.115880,0.128299,0.808341,0.129784,0.087160,0.190667,0.409434,0.317759,0.193376,0.219817,0.428168,0.463843,0.223650,0.176108,0.301674,0.492742,0.469876,0.148821,0.188808,0.374652,0.485779,0.195803,0.167976,0.196386,0.489848,0.437832,0.159232,0.137781,0.116354,0.832421,0.106482,0.081332,0.085316,0.179635,0.532204,0.183606,0.172439,0.658630,0.330710,0.098701,0.092689,0.145603,0.265734,0.467154,0.090482,0.112755,0.595602,0.290811,0.072606,0.098328,0.140897,0.535501,0.028961,5.999828,0.806618,0.735636,0.912000,0.873951,0.375455
42,310,0.763754,0.504854,0.737864,2083.047048,33,24,583.716313,87.432625,0.620965,19.867165,0.391414,1.628026,2.074404,1.413221,26.433491,20.719591,-22.970309,107.361436,0.648319,5468919.125690,8.602443,28,25,0.531080,1122.110121,34.014222,24.000000,0.226692,0.002932,0.000311,0.000152,0.000000,-0.000007,0.000000,1,2.233656,0.705856,0.711835,-0.067255,310,2083.047048,583.716313,87.432625,26.433491,20.719591,107.361436,1122.110121,63.372363,78.106452,5.704260,0.058169,1.475095,0.031592,0.013749,0.019690,0.022306,0.029180,0.026818,0.030116,0.032011,0.035399,0.034519,0.027357,0.034280,0.037006,0.020956,0.028999,0.019863,0.019299,0.016793,0.014674,0.016506,0.019574,0.024381,0.021816,0.025775,0.025035,0.032157,0.039522,0.036173,0.040854,0.030062,0.022946,0.016302,0.016620,0.017031,0.013027,0.011766,0.011774,0.006933,0.008604,0.006920,0.008845,0.009865,0.009647,0.010496,0.010470,0.012397,0.011190,0.010916,0.009380,0.236351,0.521002,0.661663,0.525984,0.355783,0.163991,0.113939,0.074101,0.042995,0.025307,0.033349,0.040971,0.044618,0.036633,0.026923,0.020660,0.022192,0.018831,0.012109,0.008922,0.012126,0.013181,0.011562,0.010147,0.011029,0.011859,0.011994,0.011007,0.010803,0.010662,0.009920,0.009028,0.008592,0.008248,0.007487,0.006302,0.007068,0.009232,0.010173,0.009431,0.008614,0.008831,0.009182,0.009999,0.009628,0.008918,0.008947,0.009013,0.007642,0.006748,0.039319,0.036796,0.825572,0.066183,0.508678,0.038206,0.118987,0.161253,0.103807,0.033684,0.039030,0.936547,0.033032,0.093850,0.134049,0.222931,0.175264,0.109248,0.260253,0.074349,0.901936,0.046710,0.097073,0.142508,0.148261,0.056173,0.237066,0.177878,0.210677,0.122180,0.050680,0.869689,0.054265,0.168088,0.245111,0.242564,0.230484,0.299931,0.284496,0.341478,0.362035,0.280377,0.450724,0.367408,0.333986,0.575562,0.080012,0.191656,0.339133,0.343816,0.286481,0.270331,0.105930,0.475392,0.189267,0.279160,0.209643,0.066522,0.899169,0.068201,0.059168,0.059516,0.132927,0.300171,0.477066,0.545517,0.470834,0.319666,0.100490,0.078757,0.094929,0.188486,0.594225,0.116789,0.274731,0.396729,0.254518,0.096651,0.097984,0.110813,0.551707,0.026895,2.887443,1.467855,1.274184,0.868058,0.814376,0.441429
43,10350,0.963139,0.950174,0.961010,806871.472784,123,116,11298.623887,381.247775,0.312839,114.795598,0.725399,1.976547,2.414754,1.922511,118.206315,112.273086,53.457128,431.966558,0.958498,19992523.782139,85.421488,121,122,0.916041,49757.564995,128.218005,114.932292,0.160480,0.000068,0.000014,0.000000,-0.000000,0.000000,-0.000000,1,1.930073,0.631600,0.691644,-0.455877,10350,806871.472784,11298.623887,381.247775,118.206315,112.273086,431.966558,49757.564995,59.339380,44.115266,6.283426,0.051369,6.287342,0.021441,0.014985,0.018368,0.017256,0.015294,0.015854,0.016562,0.016571,0.021568,0.027031,0.024731,0.035717,0.031989,0.017726,0.026684,0.021282,0.020007,0.024125,0.018416,0.021614,0.026780,0.036280,0.033058,0.034191,0.022119,0.022711,0.023597,0.017475,0.021111,0.019469,0.015858,0.017299,0.021751,0.016167,0.018695,0.022519,0.022402,0.012734,0.013620,0.013579,0.015906,0.016243,0.019115,0.023692,0.023382,0.019924,0.015898,0.016245,0.012398,25.852257,4.295642,0.971988,0.315236,0.250337,0.169031,0.117350,0.078676,0.071898,0.053362,0.047540,0.035550,0.036912,0.029241,0.026836,0.020825,0.022229,0.018571,0.016540,0.014890,0.014384,0.012331,0.011833,0.010922,0.009980,0.009188,0.009393,0.008052,0.007456,0.008002,0.007045,0.006379,0.006396,0.006874,0.006031,0.005742,0.005751,0.005911,0.005488,0.005333,0.005348,0.005682,0.005028,0.005706,0.005143,0.005157,0.005527,0.005269,0.004920,0.005018,0.120364,0.064843,0.571426,0.114079,0.470471,0.065089,0.225461,0.476978,0.371275,0.032860,0.074462,0.626544,0.095736,0.090475,0.173721,0.592624,0.445291,0.061645,0.246831,0.089722,0.603725,0.129302,0.337122,0.363489,0.476774,0.088283,0.262562,0.538762,0.184727,0.101544,0.091502,0.637519,0.080058,0.101412,0.125023,0.467089,0.179449,0.405076,0.377141,0.412921,0.385377,0.328320,0.363952,0.276719,0.160083,0.330258,0.086221,0.116039,0.338140,0.715553,0.329636,0.113345,0.079765,0.340301,0.436471,0.613100,0.224355,0.087553,0.588397,0.083531,0.092624,0.077305,0.088634,0.089074,0.605290,0.733591,0.181415,0.102600,0.101430,0.137732,0.110866,0.050453,0.317181,0.119808,0.597868,0.446352,0.406079,0.119393,0.132194,0.144623,0.332895,0.055468,23.960188,1.256042,1.221704,0.972662,0.882586,0.700176
44,464,0.928105,0.925926,0.910675,7731.066821,23,25,493.009152,78.018305,0.442743,24.306031,0.806957,0.888328,1.064141,1.034822,25.909444,23.231660,23.870856,82.526912,0.801928,5276775.191672,19.125000,24,26,0.941159,2096.553942,27.802482,22.828561,0.162769,0.000313,0.000086,0.000001,-0.000000,-0.000000,0.000000,1,1.971167,0.616792,0.678532,-0.461121,464,7731.066821,493.009152,78.018305,25.909444,23.231660,82.526912,2096.553942,64.265337,102.780172,6.120164,0.059721,-0.169154,0.018997,0.020534,0.026340,0.023169,0.022955,0.017884,0.014716,0.014025,0.013856,0.014078,0.012028,0.013980,0.018452,0.012587,0.021863,0.018860,0.025990,0.030215,0.028770,0.029746,0.031937,0.040556,0.035369,0.036931,0.022808,0.020292,0.028774,0.023874,0.025652,0.017283,0.014833,0.014439,0.015124,0.013080,0.010286,0.011718,0.013883,0.010819,0.014587,0.016125,0.020989,0.021267,0.019331,0.021562,0.023900,0.027517,0.027796,0.024414,0.014805,0.500976,1.167314,1.436750,1.012000,0.594234,0.211914,0.091258,0.103780,0.093038,0.048453,0.030756,0.033847,0.035286,0.022200,0.018056,0.020912,0.021051,0.013256,0.008250,0.010338,0.013749,0.011788,0.008185,0.006569,0.007672,0.008324,0.007564,0.006311,0.006140,0.006112,0.005827,0.005193,0.005313,0.005766,0.005535,0.004575,0.004316,0.004746,0.004686,0.004248,0.003693,0.003728,0.004067,0.004340,0.004243,0.003947,0.003635,0.003763,0.004073,0.004211,0.029402,0.023718,0.864603,0.053771,0.427967,0.046778,0.136668,0.170332,0.122909,0.027288,0.026172,0.937250,0.027267,0.088956,0.152141,0.196763,0.187570,0.120120,0.229494,0.076229,0.918276,0.042638,0.099428,0.159441,0.103656,0.045642,0.219851,0.228865,0.196700,0.163604,0.049017,0.850420,0.066748,0.166674,0.244148,0.254358,0.318834,0.279047,0.293501,0.316499,0.398787,0.378545,0.287756,0.346335,0.359276,0.607516,0.083083,0.166832,0.303966,0.396227,0.355038,0.152735,0.102149,0.432410,0.234933,0.332563,0.286933,0.064811,0.857420,0.057352,0.054402,0.036224,0.070309,0.345070,0.490974,0.614251,0.400362,0.276232,0.083888,0.068909,0.053844,0.106212,0.526468,0.119694,0.292151,0.394928,0.281194,0.147904,0.092264,0.110509,0.587800,0.068128,5.622408,1.028332,1.197915,1.164910,0.945368,0.735577
45,831,0.805054,0.666667,0.864019,23229.983278,45,30,947.582815,115.165629,0.801882,32.527866,0.615556,2.634670,4.582146,1.676085,43.639380,26.073744,83.893027,126.225397,0.835935,6923127.405511,28.655172,29,46,0.876968,4802.754351,45.397102,29.194696,0.194128,0.008462,0.000764,0.000021,0.000000,-0.000001,0.000000,1,2.215934,0.642960,0.662222,-0.059381,831,23229.983278,947.582815,115.165629,43.639380,26.073744,126.225397,4802.754351,71.794890,100.711191,6.619269,0.073447,2.430901,0.013955,0.009003,0.010728,0.010986,0.012676,0.010944,0.010983,0.012124,0.018330,0.021613,0.022902,0.034973,0.050855,0.033136,0.038255,0.025914,0.019839,0.015679,0.016117,0.017219,0.018152,0.024082,0.027156,0.038595,0.032221,0.037849,0.060027,0.054775,0.038981,0.027941,0.025010,0.022110,0.020530,0.015580,0.010231,0.011150,0.012970,0.011974,0.016278,0.015168,0.015215,0.013498,0.010509,0.008698,0.007803,0.009019,0.008412,0.007946,0.005845,1.167341,2.003635,1.703153,0.818823,0.327652,0.192385,0.118093,0.097012,0.094255,0.056555,0.037481,0.030789,0.033653,0.028408,0.021453,0.017946,0.019231,0.017794,0.014802,0.011507,0.010476,0.011613,0.012096,0.008247,0.006797,0.007866,0.007957,0.007020,0.006913,0.007079,0.007276,0.006634,0.005625,0.005197,0.005363,0.004990,0.004692,0.004406,0.004635,0.004944,0.004785,0.004606,0.004199,0.004064,0.004535,0.004532,0.003793,0.003858,0.004149,0.003615,0.084479,0.096277,0.824576,0.083183,0.470907,0.051006,0.160648,0.180717,0.118007,0.077553,0.126608,0.827247,0.188539,0.097472,0.086339,0.428433,0.211483,0.113292,0.235657,0.124949,0.817792,0.174991,0.116517,0.091670,0.344304,0.115243,0.275030,0.207077,0.290241,0.229344,0.120378,0.829712,0.080743,0.170283,0.215569,0.188095,0.225036,0.312230,0.348241,0.559367,0.170523,0.114903,0.457130,0.312390,0.262431,0.394809,0.158133,0.247166,0.511700,0.200968,0.132931,0.395462,0.230132,0.478310,0.155318,0.240008,0.223084,0.135287,0.891832,0.115276,0.135066,0.119462,0.095042,0.275072,0.342389,0.451483,0.594653,0.180630,0.130525,0.158307,0.295989,0.295498,0.417605,0.136394,0.306750,0.468560,0.166587,0.108166,0.151524,0.241026,0.610616,0.052156,6.583461,2.733838,1.739172,0.636165,0.912381,0.622939
46,1219,0.419063,0.500411,0.407560,13285.480052,50,57,2229.143844,167.287688,0.743091,39.396434,0.427719,3.738615,3.581330,3.740327,60.596055,40.550321,15.413837,293.527958,0.728074,16454768.903169,13.907979,49,58,0.546847,4130.165019,58.872650,49.073905,0.272347,0.010789,0.000805,0.002496,0.000003,0.000249,0.000001,1,2.143064,0.709573,0.717940,-0.019511,1219,13285.480052,2229.143844,167.287688,60.596055,40.550321,293.527958,4130.165019,87.050577,90.472518,6.711162,0.104373,5.879823,0.016025,0.013124,0.015634,0.014502,0.014199,0.011748,0.013110,0.014476,0.018193,0.020230,0.020602,0.025571,0.033824,0.025476,0.037137,0.031276,0.033351,0.031222,0.025833,0.031212,0.039152,0.050849,0.045685,0.043882,0.028691,0.018223,0.019946,0.025126,0.030810,0.026042,0.020955,0.017757,0.014987,0.013044,0.013117,0.014868,0.014931,0.009200,0.014101,0.011628,0.012046,0.009670,0.009340,0.009038,0.008536,0.011508,0.011437,0.013560,0.011146,1.021400,1.252766,0.614266,0.214044,0.168634,0.190097,0.133059,0.072013,0.069708,0.069904,0.038296,0.032001,0.030704,0.028934,0.031175,0.025880,0.018218,0.015388,0.014875,0.013180,0.011403,0.008656,0.009584,0.010452,0.010374,0.008856,0.009159,0.007219,0.007304,0.007480,0.006790,0.006435,0.006054,0.005734,0.006890,0.007323,0.005594,0.005308,0.005671,0.005245,0.004203,0.004525,0.004292,0.004414,0.004381,0.004588,0.005436,0.005195,0.004375,0.004870,0.104731,0.056757,0.701858,0.086976,0.555006,0.054480,0.114790,0.294357,0.273525,0.113944,0.078038,0.764869,0.113878,0.231459,0.301489,0.291264,0.288007,0.265861,0.345885,0.118936,0.755378,0.110022,0.230623,0.325900,0.254647,0.056914,0.236713,0.414082,0.270496,0.171978,0.095030,0.747731,0.074899,0.078684,0.182872,0.335283,0.407659,0.338058,0.303245,0.460798,0.409766,0.301321,0.145771,0.169407,0.326475,0.491262,0.165175,0.231973,0.473206,0.431718,0.327543,0.153986,0.082622,0.359777,0.354228,0.344312,0.217240,0.115344,0.806001,0.131489,0.138764,0.075208,0.060273,0.393244,0.489765,0.431020,0.514564,0.234345,0.141002,0.208242,0.166932,0.094349,0.490359,0.201077,0.306962,0.491907,0.225831,0.103993,0.158222,0.187254,0.510885,0.014148,4.152926,0.957491,0.957930,1.000458,0.569921,0.428220
47,586,0.912969,0.902730,0.914676,11263.002362,32,28,624.583891,88.167783,0.484394,27.315167,0.654018,1.143732,1.354187,0.957026,29.493447,25.802337,-88.156025,93.154329,0.831490,5012671.615139,20.928571,28,32,0.938225,2619.024725,32.556924,27.057616,0.163503,0.000472,0.000148,0.000003,0.000000,0.000000,-0.000000,1,1.966740,0.618991,0.680980,-0.410721,586,11263.002362,624.583891,88.167783,29.493447,25.802337,93.154329,2619.024725,63.637327,115.776451,6.398886,0.058628,-0.654393,0.015970,0.007761,0.009994,0.011206,0.014193,0.013801,0.014782,0.015130,0.016519,0.018472,0.018937,0.026194,0.039828,0.029981,0.043999,0.042340,0.044013,0.037695,0.031048,0.023760,0.021810,0.025600,0.022614,0.021594,0.015382,0.015211,0.020439,0.021551,0.025325,0.024072,0.025561,0.027196,0.030330,0.032402,0.026997,0.028617,0.029454,0.019768,0.023620,0.016015,0.013911,0.010899,0.007494,0.006611,0.006023,0.005996,0.005150,0.005703,0.005001,0.858733,1.765366,1.913608,1.155786,0.499269,0.138883,0.144486,0.119786,0.074060,0.043348,0.048244,0.044125,0.031187,0.021085,0.024216,0.023236,0.018164,0.014699,0.016343,0.015445,0.011883,0.010745,0.012318,0.010416,0.008275,0.008378,0.008410,0.006465,0.006128,0.007267,0.006993,0.005345,0.005205,0.006301,0.005768,0.004286,0.004576,0.005480,0.005172,0.004526,0.004355,0.004849,0.004936,0.004456,0.004057,0.004521,0.004740,0.004574,0.004175,0.004182,0.033599,0.026873,0.804628,0.075510,0.488292,0.062445,0.115626,0.276508,0.113425,0.031365,0.042508,0.904540,0.051929,0.090003,0.198253,0.165958,0.295176,0.119344,0.295146,0.078248,0.877665,0.060504,0.090070,0.186947,0.093858,0.049350,0.280178,0.186065,0.314756,0.166417,0.074839,0.778441,0.097036,0.142047,0.398515,0.196550,0.231200,0.402544,0.265685,0.292765,0.332410,0.396507,0.234036,0.501545,0.232737,0.503052,0.072235,0.141153,0.295801,0.338144,0.383342,0.139619,0.071166,0.590291,0.202808,0.420181,0.212964,0.090330,0.841266,0.074698,0.060677,0.064459,0.087500,0.316432,0.619281,0.457066,0.387953,0.318768,0.157233,0.086296,0.087315,0.124635,0.646773,0.089932,0.211978,0.315174,0.288728,0.152314,0.090389,0.088532,0.553852,0.067529,6.290636,1.414995,1.184008,0.836757,0.946470,0.654018
48,777,0.411840,0.360360,0.481338,5720.064955,51,41,1686.879328,149.758655,0.586159,31.453253,0.371593,3.201172,2.246478,2.712085,50.265774,40.725137,-40.996121,245.344192,0.645083,13723011.623826,9.416839,50,49,0.460614,2698.254329,53.851325,40.252755,0.336213,0.004864,0.002236,0.001759,-0.000003,0.000051,0.000002,1,2.236307,0.734886,0.720802,0.052431,777,5720.064955,1686.879328,149.758655,50.265774,40.725137,245.344192,2698.254329,69.099869,119.281853,6.498445,0.068407,-0.768136,0.016738,0.010317,0.011891,0.011340,0.010892,0.008752,0.010551,0.013910,0.016038,0.014484,0.011502,0.010933,0.012378,0.009779,0.011368,0.009280,0.010544,0.011627,0.013281,0.021392,0.037493,0.064091,0.074351,0.089155,0.074948,0.047962,0.054969,0.043665,0.037093,0.023091,0.018364,0.015303,0.015565,0.014217,0.010499,0.010274,0.013046,0.010009,0.012349,0.011003,0.010552,0.011051,0.010221,0.010153,0.011552,0.012504,0.010679,0.009812,0.005767,0.482325,0.679087,0.406822,0.277232,0.262118,0.219528,0.124942,0.070371,0.052353,0.043554,0.048551,0.051216,0.039071,0.026866,0.023437,0.018381,0.017335,0.018156,0.015692,0.011231,0.011111,0.010733,0.009802,0.010331,0.010774,0.009855,0.008783,0.007101,0.007237,0.006848,0.007165,0.007384,0.006738,0.006117,0.005753,0.005774,0.006705,0.006948,0.006392,0.006349,0.005997,0.005279,0.005389,0.005721,0.005586,0.005628,0.005284,0.005100,0.005295,0.005510,0.102234,0.090382,0.784869,0.095524,0.530160,0.055618,0.110867,0.174529,0.171227,0.094679,0.098680,0.879451,0.116442,0.138779,0.152657,0.307343,0.172784,0.165609,0.309403,0.095509,0.846864,0.105608,0.138104,0.152763,0.263310,0.054899,0.228166,0.255700,0.251815,0.192567,0.085064,0.787768,0.072484,0.209569,0.253275,0.304938,0.239139,0.311045,0.514409,0.250180,0.287908,0.326846,0.419560,0.249723,0.301237,0.477074,0.160100,0.442613,0.263050,0.324302,0.360063,0.306230,0.084139,0.382089,0.231100,0.277448,0.210962,0.118832,0.854091,0.099393,0.207010,0.116149,0.123664,0.277318,0.411927,0.616628,0.311303,0.226941,0.238744,0.325934,0.189032,0.160624,0.521274,0.175487,0.441988,0.251103,0.223842,0.224249,0.183577,0.159948,0.528575,0.012908,3.166979,0.828321,0.701767,0.847216,0.610402,0.317143
49,1637,0.721612,0.567155,0.730159,24616.172539,85,39,2330.947738,192.895477,0.884847,45.654059,0.493816,3.120088,7.210812,2.873271,72.950073,33.986082,85.052687,261.415260,0.827628,14009769.335445,19.169762,40,85,0.702289,5411.883640,85.585116,39.000000,0.247129,0.025276,0.000999,0.000535,0.000000,0.000083,-0.000000,1,2.540435,0.697620,0.696115,0.257554,1637,24616.172539,2330.947738,192.895477,72.950073,33.986082,261.415260,5411.883640,64.058409,97.084301,6.620687,0.059360,1.420864,0.012204,0.008476,0.013401,0.013100,0.014513,0.010678,0.009347,0.009742,0.012823,0.014909,0.013908,0.017163,0.021588,0.017872,0.021603,0.017928,0.018952,0.027192,0.028968,0.035932,0.043258,0.058444,0.053968,0.052395,0.030469,0.023763,0.033064,0.035408,0.047511,0.031226,0.021927,0.023157,0.030013,0.029834,0.023727,0.019877,0.016094,0.009279,0.010660,0.010067,0.009806,0.008398,0.007362,0.005977,0.006367,0.007914,0.008156,0.007713,0.006073,1.780339,2.143542,1.227889,0.430780,0.268390,0.170645,0.114947,0.075259,0.068237,0.054470,0.043159,0.036906,0.029156,0.023679,0.027759,0.022016,0.019099,0.017770,0.015261,0.013452,0.013087,0.011604,0.011621,0.009520,0.010303,0.010492,0.009143,0.009501,0.010247,0.008795,0.009120,0.008661,0.007283,0.007436,0.007173,0.006403,0.006044,0.006061,0.005508,0.006111,0.007451,0.007141,0.006285,0.006492,0.006354,0.006156,0.006157,0.006330,0.006565,0.005722,0.041148,0.048104,0.779741,0.088613,0.448552,0.080279,0.148297,0.376306,0.094350,0.042220,0.104527,0.828806,0.069796,0.063839,0.163820,0.355767,0.362180,0.082719,0.260411,0.132629,0.843065,0.066900,0.072466,0.195748,0.306314,0.077419,0.236579,0.174580,0.386903,0.146837,0.092974,0.691569,0.111044,0.175585,0.495165,0.151670,0.170834,0.460972,0.285787,0.173922,0.117647,0.320966,0.471057,0.532726,0.154412,0.391209,0.163015,0.344124,0.282921,0.185807,0.418025,0.461107,0.146938,0.422414,0.185598,0.618588,0.203101,0.092996,0.707402,0.095745,0.119794,0.068145,0.066507,0.173743,0.637346,0.643490,0.196978,0.078882,0.164344,0.237809,0.119687,0.081310,0.379547,0.099806,0.637163,0.329177,0.139422,0.213931,0.266100,0.160586,0.412121,0.023954,6.262067,2.509618,2.311093,0.920894,0.737889,0.481765
50,405,0.210918,0.399504,0.270471,2582.477198,30,33,795.420932,103.841865,0.736478,22.708193,0.409091,3.107071,2.711407,3.686433,39.247786,26.549626,14.687196,138.982756,0.598897,8622600.515237,8.167676,33,34,0.509164,1372.438465,36.674142,29.450062,0.345637,0.016543,0.023772,0.005610,0.000049,0.000654,0.000043,1,2.087889,0.736831,0.726276,0.042381,405,2582.477198,795.420932,103.841865,39.247786,26.549626,138.982756,1372.438465,73.458600,108.513580,6.314991,0.076627,0.258497,0.020174,0.010175,0.010609,0.007299,0.006766,0.007337,0.008668,0.011289,0.013271,0.015316,0.014276,0.017944,0.024432,0.019807,0.034178,0.033694,0.043198,0.046013,0.040243,0.043481,0.045357,0.054797,0.049908,0.057463,0.039857,0.026129,0.031582,0.027650,0.023343,0.015750,0.013396,0.012090,0.011663,0.012645,0.012071,0.017437,0.019507,0.011038,0.014378,0.009953,0.010883,0.010176,0.009220,0.009506,0.009697,0.010499,0.009936,0.009859,0.006215,0.227986,0.473029,0.464460,0.275487,0.242147,0.205117,0.141044,0.067941,0.060405,0.059386,0.051987,0.037303,0.027736,0.021297,0.026190,0.024011,0.017452,0.013041,0.012155,0.010750,0.010807,0.011052,0.010363,0.009046,0.009335,0.009469,0.009274,0.008223,0.007207,0.006300,0.006182,0.005875,0.005923,0.006500,0.007075,0.006389,0.006194,0.006331,0.005847,0.005049,0.004469,0.004488,0.004625,0.004753,0.005184,0.005761,0.005539,0.004858,0.004667,0.005311,0.052555,0.039862,0.825822,0.069664,0.495342,0.055372,0.090915,0.187835,0.129749,0.046982,0.037096,0.892468,0.124306,0.135140,0.108618,0.280661,0.238600,0.136752,0.229660,0.069551,0.861602,0.127247,0.141576,0.096586,0.238618,0.099434,0.296090,0.193646,0.352674,0.105426,0.063328,0.831467,0.057471,0.108501,0.267178,0.212595,0.203660,0.507819,0.117730,0.326624,0.498152,0.215946,0.325849,0.347275,0.241928,0.453053,0.188742,0.114166,0.337455,0.512673,0.218718,0.299145,0.148179,0.458356,0.193253,0.374143,0.117827,0.079116,0.885187,0.076831,0.080819,0.045251,0.066969,0.289311,0.718687,0.296427,0.341656,0.390779,0.158388,0.083699,0.044854,0.091504,0.634489,0.306450,0.245260,0.311305,0.344275,0.132544,0.074706,0.093733,0.442702,0.020967,2.914031,0.735510,0.872657,1.186466,0.747156,0.359180
51,458,0.881579,0.877193,0.929825,7760.650152,27,25,512.852270,78.704540,0.499120,24.148369,0.678519,1.489793,1.306490,0.870707,26.363770,22.845081,23.264124,83.805087,0.795343,5213020.519163,19.000000,24,26,0.893045,2087.616775,27.891731,24.125445,0.165705,0.000556,0.000133,0.000006,-0.000000,-0.000000,0.000000,1,1.924916,0.615247,0.669010,-0.400148,458,7760.650152,512.852270,78.704540,26.363770,22.845081,83.805087,2087.616775,56.655272,102.395197,5.986104,0.047041,-0.719300,0.019994,0.010506,0.014878,0.013219,0.015377,0.013618,0.013107,0.014916,0.017335,0.017343,0.014877,0.019185,0.025559,0.018191,0.029505,0.025925,0.035004,0.038201,0.034338,0.035004,0.037824,0.046097,0.037921,0.036039,0.023135,0.021738,0.029121,0.025774,0.027311,0.019035,0.016727,0.017490,0.019189,0.017421,0.014288,0.015560,0.017725,0.012375,0.016099,0.016832,0.021495,0.021920,0.018121,0.016129,0.014620,0.012380,0.008649,0.007302,0.005597,0.485257,1.140681,1.421810,1.016557,0.610188,0.218494,0.084749,0.093080,0.089517,0.053869,0.036601,0.033209,0.031828,0.020967,0.019011,0.020217,0.018650,0.014203,0.012988,0.013485,0.012150,0.008848,0.008348,0.009086,0.008310,0.005874,0.005646,0.007181,0.007800,0.006144,0.004988,0.005608,0.006276,0.005748,0.005154,0.005169,0.005620,0.005049,0.004345,0.004607,0.004879,0.004600,0.003917,0.003834,0.003897,0.003979,0.003944,0.004377,0.004377,0.003856,0.047177,0.030830,0.841729,0.057311,0.472980,0.043612,0.075125,0.188337,0.135286,0.035218,0.025979,0.924088,0.014615,0.105075,0.181940,0.211281,0.195841,0.129591,0.243367,0.068406,0.897354,0.031637,0.119785,0.176201,0.171396,0.050927,0.229086,0.215956,0.282529,0.073862,0.044170,0.859935,0.054279,0.060533,0.227348,0.261425,0.283523,0.391634,0.292823,0.390182,0.356546,0.389916,0.215532,0.293307,0.341469,0.599792,0.071686,0.252022,0.352277,0.335378,0.341439,0.182814,0.070198,0.424362,0.187742,0.372055,0.148790,0.066356,0.885229,0.046906,0.049759,0.052145,0.093579,0.276831,0.553517,0.582665,0.451638,0.220047,0.064676,0.070071,0.077554,0.099866,0.476229,0.097421,0.459472,0.455254,0.222685,0.085335,0.084749,0.105643,0.519735,0.065212,5.465062,1.500493,0.876961,0.584448,0.939138,0.730769
52,12020,0.947246,0.927026,0.918123,1022631.867442,142,149,13590.611652,431.223304,0.391194,123.710708,0.568107,2.978793,5.379222,4.635683,129.906066,119.553610,-36.335692,497.085353,0.959933,21970228.917111,90.360902,133,140,0.884434,76735.893538,151.119113,122.337433,0.162053,0.000180,0.000006,0.000000,0.000000,-0.000000,-0.000000,1,1.967575,0.646998,0.719057,-0.462031,12020,1022631.867442,13590.611652,431.223304,129.906066,119.553610,497.085353,76735.893538,61.489776,51.535441,6.644638,0.054952,6.067759,0.015460,0.012344,0.012526,0.009762,0.010330,0.008901,0.009134,0.008986,0.009847,0.009747,0.010661,0.016186,0.031616,0.034043,0.051478,0.051902,0.048444,0.033154,0.024622,0.022044,0.018508,0.026722,0.025805,0.021005,0.013782,0.011357,0.014226,0.014184,0.017265,0.015652,0.017443,0.016342,0.017599,0.021184,0.018808,0.020592,0.022598,0.014217,0.028208,0.032087,0.036203,0.027679,0.018847,0.020145,0.020710,0.023803,0.019626,0.017705,0.011973,27.510207,3.008149,0.836280,0.331726,0.261837,0.149603,0.126044,0.091008,0.070270,0.055497,0.045769,0.037780,0.034860,0.028346,0.024297,0.022867,0.019887,0.017947,0.017353,0.014795,0.014960,0.013254,0.011692,0.010853,0.010513,0.009704,0.009116,0.008351,0.008167,0.007859,0.007977,0.007811,0.006888,0.006380,0.006740,0.006120,0.006400,0.006078,0.005756,0.005811,0.005776,0.005811,0.005775,0.005882,0.005403,0.005327,0.005075,0.005759,0.005519,0.005457,0.086631,0.074508,0.543897,0.111869,0.467402,0.073889,0.118786,0.635686,0.190981,0.066104,0.096129,0.596797,0.112915,0.114507,0.203737,0.428910,0.607808,0.097249,0.335611,0.132118,0.587673,0.094680,0.359137,0.366866,0.405923,0.122988,0.268544,0.449482,0.215687,0.114129,0.103828,0.591440,0.110062,0.132269,0.534840,0.249348,0.360778,0.212344,0.252409,0.207696,0.201338,0.233686,0.284143,0.720032,0.153528,0.401190,0.097674,0.186574,0.265047,0.686569,0.350756,0.138257,0.090242,0.320593,0.580639,0.386629,0.307883,0.134017,0.594355,0.118472,0.092161,0.102941,0.119324,0.401141,0.323390,0.727439,0.371267,0.098743,0.102121,0.130280,0.149903,0.088738,0.312361,0.116773,0.590910,0.463347,0.351198,0.156038,0.133491,0.171686,0.360478,0.048645,24.180958,1.160395,1.805840,1.556229,0.867504,0.645435
53,2178,0.841984,0.577859,0.867249,104355.723071,75,46,2528.901525,188.803051,0.858030,52.660381,0.631304,2.868378,7.749387,2.431757,74.959300,38.499028,-75.215638,223.929978,0.895214,11413541.747132,48.377778,45,78,0.861243,13368.074751,77.620818,44.285965,0.203679,0.014079,0.000053,0.000003,0.000000,-0.000000,0.000000,1,2.356013,0.647770,0.671652,0.011945,2178,104355.723071,2528.901525,188.803051,74.959300,38.499028,223.929978,13368.074751,67.646025,100.072544,6.928910,0.065746,2.326913,0.010188,0.011249,0.014973,0.017272,0.018651,0.015882,0.013317,0.011569,0.011414,0.011738,0.012310,0.020354,0.030285,0.026221,0.038732,0.033161,0.034903,0.032430,0.029139,0.025754,0.026195,0.032598,0.036528,0.036415,0.025999,0.021332,0.034149,0.045162,0.055120,0.043025,0.035105,0.030515,0.021353,0.014093,0.010872,0.012148,0.011964,0.008111,0.009108,0.007888,0.007856,0.007126,0.006579,0.006320,0.007179,0.009217,0.009103,0.010058,0.009529,3.948862,3.879830,1.920826,0.397613,0.276050,0.179143,0.123040,0.085478,0.059694,0.058707,0.049177,0.032593,0.037949,0.026534,0.020943,0.021124,0.018436,0.015466,0.013698,0.013281,0.012356,0.010986,0.011025,0.010161,0.010282,0.009376,0.009514,0.008519,0.008320,0.007669,0.007255,0.006907,0.006482,0.006543,0.006440,0.005444,0.005482,0.005731,0.005596,0.006134,0.005982,0.005732,0.005752,0.005567,0.005351,0.005081,0.005106,0.005425,0.004824,0.004701,0.089313,0.093981,0.793187,0.085338,0.448224,0.053991,0.152428,0.333961,0.090426,0.075087,0.117165,0.818296,0.082678,0.073275,0.155018,0.407180,0.322788,0.069291,0.250611,0.125386,0.824709,0.108038,0.077155,0.206697,0.362772,0.084620,0.205459,0.225397,0.239944,0.209606,0.100529,0.679347,0.100255,0.175336,0.493249,0.303283,0.164383,0.218898,0.423484,0.414417,0.121523,0.202393,0.448723,0.510483,0.237283,0.293906,0.145621,0.382943,0.516712,0.141693,0.277599,0.456020,0.229125,0.348116,0.191346,0.401678,0.366756,0.104047,0.724612,0.139465,0.157608,0.150850,0.254155,0.167324,0.362900,0.616473,0.502606,0.129047,0.101329,0.205602,0.263951,0.262277,0.377019,0.090359,0.411172,0.597281,0.148829,0.082115,0.187318,0.258772,0.439249,0.043434,9.726255,3.186744,2.701661,0.847781,0.843134,0.620228
54,4876,0.712438,0.356732,0.739737,84361.262223,229,66,10728.421438,494.842877,0.971210,78.792868,0.322615,3.091268,37.617948,3.471949,192.481784,45.853787,86.436325,957.494516,0.789405,48034526.126266,22.049502,63,229,0.454494,16721.963363,229.052384,63.175340,0.501740,0.200570,0.000519,0.000118,0.000000,0.000023,-0.000000,1,2.382220,1.060391,0.929604,0.551532,4876,84361.262223,10728.421438,494.842877,192.481784,45.853787,957.494516,16721.963363,68.137561,107.457547,6.974550,0.066641,1.579022,0.009743,0.009459,0.011484,0.011555,0.013058,0.013146,0.011231,0.011142,0.014139,0.014754,0.012719,0.014636,0.016838,0.010970,0.014437,0.015902,0.019309,0.018460,0.017714,0.023342,0.036374,0.049530,0.055164,0.058716,0.042571,0.036890,0.067665,0.072222,0.049076,0.044896,0.015908,0.012456,0.012147,0.013759,0.012916,0.014469,0.013515,0.007527,0.009078,0.008740,0.010322,0.009974,0.009367,0.010218,0.010439,0.010990,0.010277,0.011106,0.009393,2.330585,1.425255,0.567107,0.209229,0.181716,0.146930,0.123286,0.080528,0.067562,0.057961,0.053291,0.041853,0.032132,0.026192,0.025341,0.024196,0.020986,0.019656,0.015157,0.013827,0.013550,0.013077,0.012524,0.012552,0.011178,0.010120,0.009091,0.008660,0.008096,0.007852,0.008202,0.007731,0.007467,0.007313,0.007047,0.007422,0.007441,0.007041,0.006808,0.006658,0.006666,0.006754,0.006462,0.006503,0.007004,0.006823,0.006647,0.007152,0.006315,0.006231,0.048089,0.135432,0.809668,0.123156,0.253757,0.074592,0.388598,0.286337,0.075242,0.057679,0.182771,0.754994,0.092778,0.064415,0.117605,0.565250,0.210905,0.051721,0.148888,0.175944,0.778451,0.057835,0.063679,0.126371,0.534160,0.104715,0.145698,0.080751,0.464521,0.390398,0.142162,0.375655,0.183561,0.526685,0.376474,0.105531,0.101001,0.426505,0.345066,0.171930,0.140517,0.216537,0.687017,0.325505,0.121170,0.213898,0.292689,0.431436,0.165609,0.110416,0.186643,0.698574,0.220465,0.267168,0.119520,0.589515,0.517149,0.104572,0.438540,0.225697,0.276581,0.177237,0.092963,0.109465,0.482107,0.730268,0.188943,0.138899,0.179937,0.237602,0.243762,0.138035,0.209818,0.232430,0.780984,0.242564,0.128408,0.131485,0.216960,0.251400,0.298544,0.005319,5.092457,10.834821,12.169100,1.123147,0.516810,0.337700
55,3140,0.896353,0.728727,0.863084,153255.136323,77,62,3805.522466,224.044932,0.723194,63.229520,0.657729,2.601167,5.442744,2.746084,78.208499,54.014307,67.104259,283.835570,0.903293,14459458.425081,52.100000,60,78,0.825117,18853.038466,82.377026,58.811223,0.179762,0.004052,0.000081,0.000012,0.000000,0.000001,0.000000,1,2.052148,0.637079,0.670990,-0.198328,3140,153255.136323,3805.522466,224.044932,78.208499,54.014307,283.835570,18853.038466,67.706928,92.918790,6.972927,0.065857,2.404828,0.009748,0.019459,0.024270,0.023532,0.029920,0.025997,0.021825,0.018663,0.022649,0.032369,0.029334,0.029050,0.034144,0.020059,0.026056,0.022485,0.022861,0.021960,0.019009,0.014754,0.015045,0.023766,0.025956,0.028257,0.023794,0.022127,0.022261,0.018438,0.018043,0.022833,0.025970,0.020549,0.018995,0.017832,0.018797,0.018108,0.017814,0.011069,0.011994,0.010788,0.013028,0.015517,0.015783,0.016219,0.019304,0.024207,0.016401,0.015604,0.013103,5.862045,4.413628,0.850030,0.419334,0.233856,0.177861,0.157165,0.076646,0.072727,0.047653,0.040627,0.034699,0.033471,0.027929,0.024306,0.019226,0.018532,0.016588,0.014359,0.012642,0.012377,0.010662,0.009980,0.010523,0.009008,0.008925,0.008645,0.008350,0.008221,0.007376,0.006682,0.006341,0.005904,0.006240,0.006347,0.006071,0.006243,0.005699,0.005759,0.005253,0.005273,0.005028,0.005337,0.005322,0.005031,0.004869,0.005048,0.005235,0.004854,0.004757,0.113452,0.100168,0.693501,0.073627,0.511606,0.077483,0.267119,0.338662,0.192197,0.072643,0.102577,0.756360,0.091197,0.143034,0.246706,0.423400,0.356891,0.125858,0.284942,0.098443,0.769989,0.107449,0.181765,0.308747,0.264860,0.112727,0.305722,0.375360,0.232874,0.162819,0.081893,0.703799,0.120411,0.259314,0.309753,0.314061,0.279397,0.248151,0.375555,0.293436,0.287507,0.384134,0.481602,0.369267,0.186258,0.452452,0.101607,0.284840,0.333555,0.440903,0.374812,0.285095,0.142756,0.395009,0.363137,0.464620,0.273724,0.084568,0.717126,0.093416,0.121441,0.075185,0.163659,0.289227,0.482855,0.632768,0.388449,0.156808,0.201267,0.234278,0.067268,0.086031,0.473753,0.110884,0.448556,0.449611,0.333561,0.194162,0.209246,0.099510,0.396560,0.038976,11.062743,1.982002,2.092424,1.055712,0.789348,0.667949
56,1517,0.795798,0.775443,0.818122,45280.691214,50,59,2281.968090,169.936180,0.343622,43.948884,0.514237,4.180562,3.926860,2.422748,49.351578,46.346460,56.892877,240.415260,0.840492,11728656.268757,25.813559,59,51,0.664777,8354.601829,60.835003,49.000369,0.188717,0.000140,0.000070,0.000229,0.000000,-0.000003,0.000000,1,2.057841,0.668503,0.690904,-0.158883,1517,45280.691214,2281.968090,169.936180,49.351578,46.346460,240.415260,8354.601829,75.628093,84.226763,6.853235,0.080849,4.712251,0.012575,0.015917,0.024202,0.024547,0.028002,0.023115,0.022572,0.025615,0.031384,0.029679,0.022610,0.024195,0.026740,0.022559,0.029876,0.024594,0.029536,0.031597,0.027725,0.027329,0.025453,0.027584,0.019115,0.017883,0.012910,0.015802,0.019364,0.017721,0.020150,0.017437,0.015648,0.014964,0.016770,0.016137,0.014832,0.015850,0.023722,0.018059,0.023119,0.020531,0.021484,0.018814,0.015031,0.013816,0.013708,0.015431,0.013175,0.012550,0.011144,2.163784,2.779917,1.339347,0.293549,0.267888,0.161017,0.108019,0.076005,0.060618,0.051328,0.044636,0.038537,0.037424,0.030317,0.026280,0.021551,0.020194,0.016908,0.016710,0.014515,0.014517,0.011812,0.012155,0.009530,0.010877,0.010823,0.010114,0.009374,0.008683,0.007249,0.008017,0.007320,0.008323,0.007347,0.007275,0.006607,0.006885,0.007441,0.006232,0.005633,0.006103,0.006225,0.006732,0.006661,0.005508,0.006325,0.006339,0.007144,0.006733,0.006222,0.060147,0.044934,0.735639,0.112711,0.498478,0.051206,0.119541,0.305524,0.285930,0.060347,0.071957,0.783710,0.098868,0.210526,0.229747,0.333365,0.289681,0.273955,0.321907,0.109142,0.784754,0.077022,0.225913,0.247794,0.291913,0.060319,0.247792,0.331233,0.251555,0.203645,0.137177,0.732458,0.068543,0.082404,0.172486,0.434718,0.347355,0.295113,0.340570,0.369808,0.493482,0.252157,0.141484,0.161230,0.431723,0.463336,0.139018,0.239256,0.375315,0.537970,0.284173,0.134262,0.091323,0.413950,0.350633,0.375385,0.268764,0.139938,0.775705,0.115849,0.113401,0.083365,0.096830,0.405870,0.449180,0.552443,0.425964,0.280331,0.127622,0.137418,0.139241,0.117142,0.448912,0.144556,0.389004,0.442106,0.301803,0.109982,0.123600,0.168584,0.532840,0.026246,6.309916,1.620829,0.939314,0.579527,0.706844,0.506148
57,12003,0.947517,0.948017,0.944852,1001068.237267,138,128,13292.945435,411.890869,0.243351,123.623195,0.679518,3.120611,2.995306,3.040696,126.146530,122.354353,45.936436,482.730014,0.960318,22023130.839254,93.781250,129,131,0.902960,60162.792400,139.516700,125.213323,0.160798,0.000024,0.000030,0.000000,-0.000000,0.000000,0.000000,1,1.939418,0.633258,0.698432,-0.473193,12003,1001068.237267,13292.945435,411.890869,126.146530,122.354353,482.730014,60162.792400,63.497377,45.769974,6.324864,0.058385,7.111164,0.022877,0.012427,0.015548,0.018995,0.022451,0.017542,0.014325,0.012781,0.015133,0.018900,0.016829,0.018072,0.028868,0.023519,0.033922,0.027505,0.034106,0.025087,0.021235,0.023967,0.027425,0.026572,0.027339,0.034573,0.024432,0.016215,0.028109,0.028782,0.035771,0.026539,0.021513,0.020625,0.024993,0.029311,0.023484,0.023799,0.019923,0.009832,0.014172,0.009739,0.012196,0.014164,0.013235,0.014687,0.016989,0.017032,0.014280,0.012858,0.010202,27.716841,3.456114,0.802320,0.331548,0.256927,0.156774,0.115646,0.086010,0.076995,0.058386,0.047393,0.037036,0.033652,0.027258,0.025320,0.022549,0.019022,0.017370,0.017189,0.013499,0.013979,0.012749,0.011606,0.011079,0.010460,0.009372,0.008506,0.008313,0.008614,0.008129,0.007852,0.007434,0.007109,0.006348,0.006661,0.006135,0.006420,0.006310,0.005797,0.005554,0.005744,0.005577,0.005284,0.005553,0.005605,0.005656,0.005814,0.005569,0.005149,0.005380,0.106319,0.065194,0.549712,0.134896,0.465051,0.070411,0.175533,0.539158,0.348327,0.036926,0.097511,0.622537,0.100419,0.065466,0.199901,0.550393,0.490655,0.059756,0.284650,0.139911,0.580464,0.148222,0.277620,0.404528,0.469305,0.065918,0.274196,0.463801,0.288035,0.100948,0.111755,0.639626,0.098514,0.106180,0.136386,0.480147,0.166822,0.521680,0.347065,0.454500,0.364477,0.304837,0.279033,0.230697,0.127057,0.367003,0.080384,0.112819,0.454758,0.633883,0.326388,0.083880,0.083816,0.341928,0.360110,0.661738,0.189501,0.094376,0.591067,0.104327,0.109077,0.080440,0.094826,0.073908,0.615971,0.630863,0.367492,0.135686,0.106499,0.162384,0.149089,0.061071,0.336112,0.101513,0.520854,0.553688,0.350813,0.120463,0.153047,0.184860,0.322005,0.051509,24.864831,0.985072,0.959846,0.974391,0.853253,0.710338
58,182,0.327778,0.383333,0.316667,614.143998,31,27,572.210193,88.420386,0.403208,15.222667,0.217443,2.790466,2.268325,2.065418,25.256565,23.112492,-35.885669,112.047727,0.389045,5270991.380200,4.373509,27,33,0.318065,718.702901,33.969805,25.184490,0.400289,0.001254,0.008569,0.004473,0.000027,-0.000142,0.000004,1,2.391531,0.848037,0.830939,0.100058,182,614.143998,572.210193,88.420386,25.256565,23.112492,112.047727,718.702901,68.908301,78.576923,5.467454,0.068054,1.853571,0.042809,0.014430,0.020789,0.021940,0.025878,0.024848,0.025152,0.025454,0.028108,0.024733,0.016829,0.018447,0.021899,0.014222,0.017982,0.019075,0.031085,0.042909,0.040715,0.041886,0.045907,0.050356,0.039309,0.031811,0.024233,0.027911,0.026666,0.024846,0.017814,0.013301,0.012126,0.012470,0.011971,0.011198,0.011758,0.014433,0.015727,0.010051,0.010686,0.009818,0.009273,0.008783,0.008074,0.008604,0.009340,0.011565,0.014082,0.017728,0.013777,0.083841,0.182496,0.229010,0.180761,0.127468,0.072899,0.065770,0.060469,0.068665,0.076510,0.078668,0.061136,0.044725,0.024742,0.017999,0.015079,0.015677,0.018057,0.023293,0.026249,0.021838,0.013680,0.010333,0.011115,0.012490,0.010557,0.010610,0.012534,0.013317,0.010897,0.009701,0.010889,0.011505,0.010920,0.010903,0.010217,0.009794,0.009295,0.008967,0.009064,0.009710,0.010799,0.010866,0.009916,0.009731,0.010296,0.009765,0.008346,0.008055,0.010041,0.038190,0.033902,0.825737,0.070419,0.509139,0.041485,0.091644,0.176388,0.100669,0.036208,0.031001,0.935590,0.040539,0.097206,0.137159,0.202157,0.203455,0.101150,0.276011,0.074712,0.884596,0.046186,0.099715,0.148291,0.145651,0.067016,0.275595,0.191452,0.189092,0.109791,0.059519,0.870290,0.052958,0.124619,0.288563,0.230180,0.253888,0.254461,0.264385,0.358891,0.356305,0.325625,0.412572,0.420388,0.303571,0.515789,0.088428,0.176979,0.306277,0.315133,0.311309,0.258426,0.086121,0.574967,0.204682,0.288684,0.169596,0.087492,0.897898,0.055031,0.058811,0.086087,0.135005,0.310515,0.485594,0.527714,0.469964,0.318593,0.118094,0.075150,0.103348,0.191439,0.543302,0.120474,0.297906,0.370063,0.246889,0.124493,0.085774,0.094334,0.609837,0.014497,1.624308,1.098240,0.812884,0.740170,0.789131,0.202020
59,15923,0.642830,0.482594,0.604625,611030.228002,276,161,28460.503869,665.007739,0.831862,142.386071,0.358336,13.393704,20.208026,16.962376,234.676540,130.241251,-62.363894,1050.081349,0.934138,47171152.050693,48.869203,161,269,0.559477,51125.565746,279.797967,155.222840,0.282733,0.022374,0.001307,0.001077,0.000000,0.000128,-0.000001,1,2.611645,0.755024,0.766474,0.202829,15923,611030.228002,28460.503869,665.007739,234.676540,130.241251,1050.081349,51125.565746,64.912307,98.041387,7.190751,0.060856,1.954413,0.007980,0.009849,0.014007,0.012688,0.016210,0.016321,0.012868,0.011861,0.013209,0.015461,0.016899,0.019140,0.034266,0.017206,0.021083,0.023168,0.023053,0.020499,0.017789,0.017871,0.024888,0.033447,0.034756,0.037340,0.031363,0.045514,0.058462,0.035532,0.035006,0.024683,0.024740,0.033672,0.036556,0.024772,0.018302,0.017656,0.015528,0.010623,0.011241,0.010071,0.012925,0.013717,0.012757,0.011201,0.011189,0.011984,0.009095,0.011225,0.008306,13.759057,2.321408,0.847910,0.331884,0.252990,0.160755,0.106038,0.089720,0.079185,0.057108,0.045188,0.038578,0.035883,0.027743,0.024850,0.022194,0.022603,0.019064,0.016511,0.014852,0.014252,0.012828,0.011864,0.011281,0.010350,0.009938,0.009069,0.009070,0.007994,0.007900,0.008207,0.007145,0.006822,0.007042,0.006833,0.006483,0.005827,0.005926,0.005772,0.005574,0.005378,0.006070,0.005649,0.005625,0.005672,0.005627,0.005657,0.005356,0.005465,0.005752,0.146693,0.249018,0.738939,0.138082,0.417623,0.156592,0.278396,0.202667,0.184025,0.162316,0.275421,0.690581,0.193534,0.170941,0.249661,0.405755,0.299485,0.193803,0.212990,0.220006,0.717908,0.185005,0.158061,0.228312,0.383149,0.287377,0.223865,0.216498,0.373439,0.297628,0.138241,0.433997,0.203177,0.603272,0.207708,0.263182,0.237723,0.317325,0.421961,0.357769,0.254807,0.273837,0.440514,0.318027,0.318802,0.264095,0.271314,0.503867,0.364901,0.239747,0.242902,0.381531,0.334473,0.309337,0.140354,0.502067,0.415892,0.098550,0.317710,0.207273,0.586732,0.192655,0.142402,0.175972,0.374510,0.545701,0.310023,0.188531,0.215864,0.463765,0.303016,0.214091,0.356494,0.245717,0.406414,0.466756,0.270806,0.215547,0.268652,0.310909,0.375323,0.014440,15.163587,1.191344,1.508771,1.266444,0.633292,0.367452
60,2197,0.890661,0.438724,0.928929,133587.457314,112,34,2540.831616,236.663231,0.945329,52.889576,0.576943,1.572526,15.702235,1.244393,94.059932,30.674695,-87.523763,252.373629,0.877781,13562200.475077,64.558824,34,112,0.864678,22730.809646,112.160524,34.000000,0.278327,0.050542,0.000182,0.000015,-0.000000,-0.000003,0.000000,1,2.529344,0.776697,0.703647,0.466413,2197,133587.457314,2540.831616,236.663231,94.059932,30.674695,252.373629,22730.809646,61.604559,109.072827,6.793590,0.055146,0.866547,0.010741,0.002116,0.002373,0.002367,0.002993,0.002855,0.003012,0.003007,0.003217,0.003502,0.003930,0.004983,0.006468,0.006323,0.012537,0.014609,0.022192,0.033948,0.047111,0.061327,0.079788,0.075756,0.057902,0.059910,0.045629,0.064250,0.076308,0.063823,0.078555,0.051137,0.023288,0.013536,0.010109,0.008730,0.006745,0.005944,0.005547,0.003877,0.004201,0.003252,0.003507,0.003125,0.002789,0.002497,0.002456,0.002234,0.002090,0.002178,0.001964,2.940206,3.019515,1.827135,0.817350,0.233323,0.181203,0.152494,0.086549,0.071019,0.060148,0.048707,0.038812,0.035081,0.026794,0.024857,0.021221,0.018629,0.017139,0.014897,0.012790,0.012131,0.010051,0.008776,0.008780,0.008838,0.007346,0.007156,0.007484,0.007607,0.006782,0.006686,0.006592,0.006226,0.005930,0.005872,0.005666,0.005415,0.005289,0.005336,0.005366,0.005287,0.005357,0.005138,0.004973,0.004815,0.004708,0.004318,0.004209,0.004441,0.004538,0.035090,0.075374,0.842898,0.076640,0.308763,0.041893,0.190026,0.377060,0.036918,0.031492,0.084157,0.845945,0.062685,0.038707,0.076584,0.412477,0.305473,0.039471,0.137986,0.091671,0.855628,0.068075,0.052131,0.096440,0.421794,0.078152,0.199465,0.070883,0.354891,0.397759,0.079151,0.415258,0.093379,0.380091,0.609238,0.088032,0.051554,0.192548,0.514234,0.227942,0.064184,0.122617,0.617270,0.488006,0.074473,0.223740,0.113765,0.475238,0.331582,0.091318,0.141167,0.663890,0.266479,0.247328,0.098250,0.599436,0.449396,0.078555,0.511745,0.133765,0.297060,0.211724,0.100234,0.068596,0.375482,0.726894,0.296398,0.083892,0.107369,0.350210,0.297916,0.090076,0.312281,0.108572,0.658815,0.422459,0.110295,0.090555,0.257462,0.332308,0.284784,0.034494,8.705347,12.618388,9.985359,0.791334,0.937749,0.576418
61,529,0.937618,0.916824,0.941399,9631.337678,29,24,583.028626,86.057252,0.450385,25.952721,0.760057,0.814095,1.219844,0.815657,27.654789,24.691149,-78.277167,87.976659,0.810065,5599832.714611,21.160000,25,30,0.907331,2406.903482,31.015880,24.000000,0.162080,0.000335,0.000026,0.000001,0.000000,-0.000000,-0.000000,1,1.958847,0.617473,0.672926,-0.427440,529,9631.337678,583.028626,86.057252,27.654789,24.691149,87.976659,2406.903482,56.977443,112.194707,6.030060,0.047552,-1.163883,0.020201,0.012604,0.016077,0.017662,0.020161,0.019294,0.019438,0.017637,0.018230,0.018275,0.014405,0.016296,0.022100,0.014300,0.024663,0.021352,0.028882,0.033812,0.031874,0.031759,0.034562,0.046292,0.043190,0.050088,0.031832,0.026431,0.036891,0.029468,0.030489,0.021293,0.020123,0.020102,0.019082,0.016163,0.012075,0.012089,0.013459,0.009813,0.013505,0.010907,0.011647,0.011491,0.010021,0.010360,0.010838,0.013112,0.012623,0.013306,0.009927,0.601657,1.344483,1.550351,1.010506,0.579905,0.226722,0.099042,0.086720,0.075124,0.052598,0.041823,0.030511,0.025551,0.022033,0.022498,0.019064,0.015920,0.013211,0.012393,0.011688,0.011518,0.010355,0.009377,0.007892,0.007499,0.007964,0.008223,0.007189,0.006401,0.006210,0.006225,0.005696,0.005822,0.006224,0.005989,0.005129,0.005324,0.005530,0.004965,0.004169,0.004080,0.004666,0.004499,0.004023,0.003786,0.004103,0.004286,0.004384,0.004249,0.004156,0.030864,0.029795,0.859316,0.059901,0.447187,0.033352,0.117146,0.169951,0.111583,0.031317,0.033209,0.934020,0.025509,0.077345,0.145857,0.237427,0.172808,0.106672,0.279932,0.071719,0.911465,0.032053,0.078328,0.159167,0.159542,0.046643,0.159994,0.233016,0.188423,0.102868,0.055129,0.838163,0.057616,0.175750,0.300727,0.263465,0.278480,0.243301,0.238716,0.289610,0.375459,0.366122,0.435823,0.379846,0.336376,0.492680,0.083784,0.189157,0.279849,0.357875,0.363164,0.289580,0.069545,0.536181,0.246071,0.344720,0.195746,0.086917,0.861526,0.049024,0.075615,0.063409,0.142738,0.317314,0.481568,0.568409,0.437573,0.304177,0.126410,0.077087,0.081105,0.178369,0.551594,0.091710,0.393362,0.389965,0.306448,0.134354,0.099096,0.096504,0.499426,0.068347,6.012958,1.495535,1.498404,1.001919,0.978183,0.705333
62,8557,0.903754,0.879429,0.910537,640182.755374,120,107,9830.945095,354.890189,0.537647,104.379647,0.666433,3.228272,4.406941,2.758842,114.848637,96.836928,-62.819463,471.209199,0.945399,21513189.367259,79.175926,108,121,0.870415,46199.900390,123.109695,106.250835,0.164814,0.000775,0.000005,0.000000,-0.000000,0.000000,-0.000000,1,1.955397,0.631124,0.695026,-0.402665,8557,640182.755374,9830.945095,354.890189,114.848637,96.836928,471.209199,46199.900390,63.290493,55.806124,6.697405,0.058028,5.868501,0.014591,0.013355,0.017528,0.019901,0.022878,0.024040,0.030374,0.030787,0.030902,0.022930,0.018655,0.018864,0.021252,0.014278,0.019328,0.018564,0.022102,0.016605,0.016502,0.014961,0.015628,0.019129,0.021705,0.022975,0.017537,0.041392,0.053755,0.042220,0.038566,0.020678,0.017089,0.020355,0.021482,0.018747,0.021138,0.021893,0.017596,0.014603,0.015809,0.017502,0.017178,0.013547,0.010839,0.012698,0.013549,0.017640,0.015060,0.014132,0.011752,18.592820,3.622591,0.795892,0.352349,0.227392,0.144150,0.113681,0.087230,0.090590,0.057292,0.045162,0.036082,0.032193,0.029319,0.026062,0.020586,0.019996,0.017052,0.015564,0.017559,0.015099,0.013407,0.012004,0.009908,0.010594,0.009814,0.010211,0.009191,0.008977,0.007816,0.008574,0.007587,0.007125,0.006894,0.006526,0.006208,0.006636,0.006349,0.006563,0.006802,0.006323,0.005835,0.005941,0.005001,0.005453,0.005684,0.004970,0.005583,0.005985,0.005849,0.078204,0.071923,0.613475,0.116186,0.474974,0.071074,0.262832,0.378954,0.394362,0.050912,0.087196,0.634594,0.085927,0.076686,0.161891,0.636299,0.354849,0.129721,0.277138,0.122522,0.647944,0.099215,0.287845,0.299187,0.479846,0.081815,0.263047,0.312905,0.204669,0.122208,0.126792,0.622897,0.093147,0.111304,0.238532,0.602681,0.149803,0.227111,0.320886,0.518800,0.396382,0.317718,0.288523,0.377957,0.264000,0.396792,0.097828,0.146629,0.493135,0.561265,0.304178,0.137188,0.120209,0.357056,0.371559,0.418587,0.509493,0.097564,0.577604,0.099981,0.160503,0.128512,0.178122,0.140094,0.326121,0.812433,0.357244,0.196803,0.098446,0.158880,0.099401,0.052928,0.342558,0.133954,0.480429,0.596836,0.304261,0.116226,0.119142,0.131189,0.374427,0.038538,18.159662,1.597388,1.365109,0.854588,0.753148,0.654346
63,5716,0.959412,0.220434,0.970609,790790.707187,211,38,6200.345600,444.691200,0.985979,85.310241,0.712896,0.899342,39.905907,0.742370,209.410010,34.943981,88.893107,469.237590,0.912781,23894522.643673,150.421053,38,211,0.921884,82734.382391,211.002768,37.977190,0.492759,0.217212,0.000104,0.000055,0.000000,0.000022,0.000000,1,2.435355,0.905866,0.800188,0.570777,5716,790790.707187,6200.345600,444.691200,209.410010,34.943981,469.237590,82734.382391,51.707954,76.050210,6.729289,0.039494,1.964655,0.011386,0.005365,0.006112,0.005362,0.005252,0.004667,0.004367,0.003509,0.003451,0.003471,0.002600,0.002851,0.003651,0.002661,0.003753,0.003562,0.003784,0.004596,0.007188,0.012104,0.026737,0.046437,0.086293,0.151959,0.128220,0.132925,0.128729,0.076568,0.035825,0.013587,0.010768,0.008053,0.006130,0.004433,0.003553,0.003368,0.003167,0.002431,0.003330,0.002912,0.003285,0.003569,0.003110,0.003302,0.003711,0.004363,0.004661,0.005259,0.005009,5.588536,4.239701,2.266396,0.682945,0.303359,0.247183,0.113173,0.082571,0.081310,0.054684,0.045754,0.043278,0.032464,0.026046,0.024356,0.020726,0.018188,0.016003,0.016051,0.014769,0.012689,0.010988,0.010400,0.009782,0.009489,0.009511,0.008771,0.007839,0.007432,0.007216,0.007083,0.006723,0.005896,0.006299,0.006069,0.005792,0.005576,0.005747,0.004783,0.004898,0.004981,0.004789,0.004671,0.005293,0.004811,0.004493,0.004537,0.004621,0.004543,0.004733,0.042312,0.064854,0.749573,0.059356,0.220810,0.060696,0.544432,0.276734,0.056498,0.042470,0.071333,0.686399,0.043087,0.062637,0.065730,0.700681,0.134280,0.053654,0.121192,0.093764,0.749719,0.046611,0.046855,0.075851,0.619478,0.078925,0.119743,0.068069,0.403930,0.407109,0.095068,0.305132,0.082232,0.659774,0.342978,0.068026,0.081430,0.182053,0.439833,0.101064,0.091084,0.087730,0.839532,0.170098,0.082570,0.176972,0.135538,0.517243,0.102746,0.067925,0.104610,0.779732,0.122802,0.183285,0.086368,0.556591,0.706417,0.129996,0.349968,0.092090,0.156490,0.086590,0.062273,0.090566,0.238252,0.932143,0.127559,0.075236,0.073327,0.156726,0.098939,0.066952,0.190024,0.132606,0.900944,0.135411,0.091095,0.091457,0.162075,0.139735,0.231976,0.025960,12.181462,53.754749,44.372328,0.825459,0.947689,0.712896
64,511,0.878669,0.902153,0.911937,9046.608745,30,25,576.772497,84.544993,0.408303,25.507360,0.681333,1.784600,1.224681,0.917862,26.962372,24.612506,87.878957,90.461941,0.804209,5444758.661201,20.440000,25,30,0.885965,2529.623185,31.383611,25.000000,0.162688,0.000219,0.000006,0.000000,-0.000000,0.000000,-0.000000,1,1.935332,0.616239,0.674498,-0.409559,511,9046.608745,576.772497,84.544993,26.962372,24.612506,90.461941,2529.623185,57.509915,104.878669,6.069025,0.048402,-0.876858,0.019535,0.009221,0.011643,0.011866,0.013925,0.014484,0.016956,0.017760,0.019910,0.020302,0.016619,0.017997,0.024746,0.017832,0.029005,0.027813,0.036945,0.041250,0.038185,0.037032,0.038241,0.047277,0.038483,0.039178,0.024251,0.024723,0.036785,0.031542,0.031996,0.022888,0.019291,0.018830,0.018994,0.017410,0.014407,0.014281,0.015644,0.009840,0.013324,0.011780,0.014228,0.012125,0.008903,0.009428,0.008728,0.009357,0.008584,0.008631,0.007358,0.580058,1.306682,1.531681,1.018814,0.577099,0.209215,0.086114,0.086757,0.077535,0.048941,0.043073,0.040564,0.036919,0.024764,0.021407,0.020572,0.019169,0.014422,0.011118,0.011301,0.013111,0.011068,0.008248,0.007233,0.008690,0.008722,0.008139,0.007601,0.007601,0.006731,0.005821,0.005658,0.005756,0.005373,0.004874,0.004489,0.004854,0.005003,0.004557,0.004236,0.004465,0.005058,0.004856,0.004383,0.004262,0.004366,0.003999,0.003748,0.004210,0.004822,0.036980,0.027295,0.863887,0.058874,0.434010,0.037493,0.128927,0.179019,0.098377,0.030910,0.024766,0.940297,0.028299,0.056350,0.148087,0.206493,0.187950,0.101979,0.190973,0.068084,0.904901,0.045499,0.069077,0.154491,0.116673,0.050814,0.305193,0.217089,0.180071,0.144485,0.049383,0.832656,0.053817,0.201847,0.305795,0.258193,0.270295,0.239192,0.261011,0.281687,0.333106,0.386209,0.429338,0.397476,0.346140,0.423073,0.075427,0.144881,0.292029,0.336211,0.369829,0.231347,0.078025,0.632158,0.228160,0.331218,0.254763,0.073150,0.860021,0.042628,0.054772,0.072939,0.134925,0.304026,0.495539,0.599915,0.404166,0.293764,0.092978,0.069129,0.105740,0.166894,0.596295,0.113005,0.305373,0.384520,0.311789,0.127830,0.094809,0.097202,0.508486,0.062444,5.648784,1.334276,0.686250,0.514324,0.934592,0.681333
65,2219,0.825282,0.834312,0.816253,80959.628081,70,57,3064.554259,198.108517,0.465695,53.153726,0.556140,2.987716,3.004191,2.898267,58.728173,51.971215,-61.703445,272.936075,0.874294,13151039.417562,37.542373,59,67,0.724086,13848.750496,71.020321,57.000000,0.173142,0.000443,0.000234,0.000003,0.000000,-0.000000,-0.000000,1,1.990362,0.644590,0.693930,-0.305472,2219,80959.628081,3064.554259,198.108517,58.728173,51.971215,272.936075,13848.750496,58.507376,97.629112,6.662996,0.050010,1.448500,0.011830,0.015220,0.016606,0.015516,0.016207,0.013116,0.011312,0.010522,0.014145,0.015121,0.011995,0.013565,0.017360,0.013970,0.017754,0.020129,0.033113,0.036903,0.032346,0.031752,0.033839,0.042747,0.031952,0.032895,0.025732,0.022865,0.027553,0.026854,0.023965,0.017979,0.017706,0.018661,0.022093,0.027156,0.023999,0.027324,0.028570,0.016869,0.020501,0.013826,0.015396,0.015738,0.015303,0.016736,0.017080,0.017161,0.014637,0.014743,0.013471,3.792926,3.750919,1.270007,0.287594,0.184895,0.143694,0.125852,0.085394,0.072405,0.053610,0.044410,0.029068,0.033046,0.030002,0.028839,0.025017,0.020657,0.016584,0.014373,0.015250,0.017158,0.016123,0.014905,0.013022,0.011247,0.009299,0.010415,0.010078,0.010698,0.010187,0.008636,0.008006,0.006800,0.006414,0.006947,0.007437,0.007271,0.007156,0.006896,0.006420,0.006121,0.005730,0.005341,0.005760,0.006120,0.006349,0.006112,0.005775,0.005804,0.006008,0.090397,0.113414,0.750386,0.097928,0.516421,0.068281,0.218664,0.246667,0.162124,0.091019,0.154880,0.811039,0.116695,0.118693,0.217040,0.386354,0.255731,0.143049,0.305542,0.133899,0.806349,0.103126,0.145741,0.240073,0.255293,0.096096,0.273122,0.266316,0.242998,0.194688,0.136721,0.728675,0.151358,0.263296,0.320590,0.295721,0.225713,0.251446,0.356878,0.370130,0.282131,0.361831,0.422780,0.372202,0.306058,0.428330,0.120963,0.280048,0.363557,0.342814,0.339608,0.281768,0.176600,0.497858,0.236890,0.423055,0.284679,0.117763,0.747234,0.166470,0.177286,0.158452,0.165490,0.224732,0.455479,0.537271,0.440157,0.215094,0.241831,0.241255,0.221611,0.218106,0.499066,0.097946,0.347927,0.451526,0.242156,0.156240,0.158487,0.167279,0.529394,0.029788,8.130109,1.036547,1.005514,0.970061,0.725842,0.560334
66,14429,0.953858,0.946156,0.954760,1328642.888655,140,147,16730.321576,470.643152,0.326751,135.541777,0.701118,2.734699,3.062485,2.582273,139.977135,132.293873,-20.084535,582.191955,0.955379,29653929.671751,102.942857,140,152,0.862446,73807.559966,168.046213,139.022936,0.164928,0.000221,0.000099,0.000008,0.000000,0.000000,0.000000,2,1.970004,0.646278,0.713876,-0.477361,14664,1329885.288095,17194.999357,556.998714,165.388486,152.466768,681.653896,74673.207385,62.337282,46.430851,6.366781,0.056391,6.879893,0.021597,0.011088,0.014280,0.013509,0.017199,0.016695,0.016645,0.020719,0.021298,0.023786,0.020063,0.027649,0.029127,0.023099,0.028578,0.028449,0.030291,0.023642,0.018808,0.022240,0.032399,0.050224,0.052199,0.037995,0.025580,0.020397,0.022541,0.017330,0.014888,0.012029,0.012327,0.012247,0.011991,0.014409,0.013513,0.018421,0.027423,0.018646,0.019941,0.015102,0.016061,0.017165,0.021034,0.017258,0.015620,0.016464,0.015345,0.014043,0.010244,25.823912,2.304016,0.817329,0.301828,0.197347,0.137273,0.099142,0.066746,0.075080,0.062996,0.046727,0.040130,0.043215,0.030287,0.024453,0.022649,0.020317,0.019683,0.018827,0.017332,0.015857,0.014886,0.013242,0.011829,0.012360,0.011443,0.009860,0.009257,0.009820,0.008880,0.008881,0.008506,0.008822,0.008857,0.008364,0.007261,0.006815,0.006888,0.007132,0.006867,0.007109,0.006322,0.006509,0.006450,0.006282,0.006748,0.006802,0.006610,0.006157,0.006417,0.118967,0.078665,0.597504,0.080116,0.453316,0.077852,0.321462,0.434849,0.335023,0.043158,0.097565,0.637617,0.077517,0.109857,0.346087,0.529067,0.402260,0.049831,0.256757,0.126623,0.604272,0.087318,0.272360,0.525221,0.325855,0.143531,0.261634,0.549645,0.191096,0.112023,0.092386,0.631910,0.086746,0.110537,0.155699,0.443838,0.161861,0.242282,0.356217,0.541060,0.398864,0.433125,0.320815,0.193737,0.091193,0.309231,0.090792,0.127280,0.499752,0.526210,0.423827,0.116600,0.100094,0.387348,0.488529,0.477609,0.404887,0.116777,0.542859,0.096810,0.167001,0.112695,0.104883,0.143079,0.419025,0.715204,0.464874,0.112036,0.101305,0.173891,0.140184,0.060139,0.314068,0.110516,0.409614,0.708478,0.261023,0.125696,0.103470,0.147522,0.320967,0.042570,24.783922,1.185965,1.119862,0.944263,0.817128,0.677256
67,496,0.947581,0.901210,0.955645,8928.668121,28,24,517.872967,78.745934,0.496116,25.130197,0.738095,1.307152,1.207744,1.017903,27.042885,23.480150,-88.707198,83.012193,0.807137,5362693.690550,20.666667,24,28,0.957764,2190.659794,28.160198,24.000000,0.161297,0.000512,0.000031,0.000000,-0.000000,0.000000,0.000000,1,1.928809,0.613789,0.681142,-0.458995,496,8928.668121,517.872967,78.745934,27.042885,23.480150,83.012193,2190.659794,58.616783,114.435484,6.057594,0.050188,-0.960176,0.020486,0.010518,0.013104,0.012842,0.013758,0.012993,0.012561,0.013417,0.015345,0.017431,0.015167,0.019213,0.026418,0.018425,0.030012,0.027106,0.036568,0.041905,0.038512,0.035888,0.036130,0.047061,0.040355,0.041977,0.025612,0.022425,0.032394,0.028700,0.029779,0.020572,0.016746,0.017183,0.017858,0.017525,0.013683,0.013977,0.015424,0.009984,0.014840,0.014295,0.016534,0.016347,0.015002,0.014425,0.012413,0.011809,0.009949,0.009131,0.006685,0.549630,1.238241,1.480024,1.026692,0.617344,0.234553,0.097182,0.089743,0.081310,0.054613,0.040279,0.029689,0.028295,0.024462,0.022450,0.017081,0.014784,0.013647,0.012824,0.010722,0.009891,0.009353,0.008598,0.007185,0.007081,0.007429,0.006906,0.005235,0.004909,0.005635,0.005952,0.004975,0.004449,0.004671,0.004987,0.004584,0.004424,0.004356,0.004217,0.004011,0.003982,0.004146,0.004082,0.003784,0.003445,0.003613,0.003989,0.004100,0.003748,0.003607,0.037043,0.035425,0.844205,0.060385,0.476065,0.040606,0.087708,0.190372,0.093919,0.035722,0.038839,0.923635,0.034896,0.056700,0.172654,0.246266,0.199338,0.097403,0.230282,0.079069,0.897905,0.042450,0.060341,0.177643,0.202242,0.050120,0.232527,0.255703,0.180172,0.059760,0.038920,0.842845,0.049262,0.136745,0.325319,0.244370,0.299828,0.239706,0.184550,0.306731,0.337710,0.374871,0.477473,0.402321,0.282979,0.387755,0.091752,0.197983,0.308001,0.345891,0.370998,0.382464,0.081121,0.544997,0.263885,0.344652,0.142913,0.051736,0.871038,0.044728,0.066201,0.076970,0.132136,0.345235,0.494271,0.519297,0.433416,0.349270,0.111294,0.087707,0.088221,0.170686,0.516486,0.112328,0.392392,0.399965,0.317582,0.121036,0.081669,0.068489,0.528968,0.071978,5.975026,1.186502,0.923951,0.778719,0.948607,0.738095
68,391,0.803069,0.447570,0.838875,2922.294026,25,28,553.684631,83.369262,0.810212,22.312254,0.558571,1.605018,2.415119,1.168453,32.534075,19.069432,-4.345503,100.461941,0.705675,6009593.986332,9.559123,25,29,0.706178,1268.339965,31.622329,23.643317,0.226738,0.012272,0.000723,0.000064,-0.000000,-0.000007,0.000000,1,2.218695,0.644080,0.641702,0.005218,391,2922.294026,553.684631,83.369262,32.534075,19.069432,100.461941,1268.339965,66.640379,99.644501,6.166652,0.063930,0.442262,0.022050,0.013490,0.018280,0.019331,0.023015,0.015799,0.014472,0.016550,0.021286,0.024043,0.022528,0.026585,0.025747,0.017208,0.028676,0.026989,0.036368,0.037744,0.034334,0.037065,0.042395,0.043885,0.040457,0.039139,0.027251,0.021960,0.024508,0.021906,0.020431,0.015820,0.012509,0.012599,0.014578,0.016416,0.015955,0.019266,0.020766,0.012416,0.015014,0.011468,0.013065,0.011983,0.011447,0.011225,0.010106,0.009897,0.008012,0.009010,0.007004,0.331491,0.739066,0.882838,0.634934,0.405806,0.180946,0.139618,0.113371,0.069744,0.031485,0.030515,0.032569,0.032331,0.027152,0.026301,0.023086,0.020012,0.017222,0.014743,0.011960,0.010925,0.009279,0.008223,0.007870,0.008581,0.008274,0.008044,0.007957,0.008337,0.008433,0.007920,0.006753,0.005777,0.005438,0.005741,0.005629,0.005637,0.005721,0.006213,0.006609,0.006123,0.005674,0.005133,0.004805,0.004699,0.004717,0.005043,0.005328,0.004919,0.005165,0.028074,0.042642,0.830542,0.070818,0.508309,0.049025,0.046155,0.188179,0.065209,0.038170,0.048849,0.933071,0.046158,0.091126,0.141104,0.154984,0.258290,0.066739,0.242346,0.085121,0.892051,0.050498,0.090955,0.140361,0.157548,0.103385,0.268760,0.170873,0.142165,0.082813,0.064598,0.864144,0.071220,0.072331,0.339363,0.259500,0.195120,0.190399,0.175503,0.195035,0.443396,0.373187,0.303244,0.569354,0.323796,0.490556,0.100090,0.160619,0.204126,0.421523,0.356820,0.299594,0.189784,0.501089,0.218026,0.250249,0.146332,0.072762,0.889792,0.057890,0.060701,0.090904,0.236856,0.283467,0.427181,0.510187,0.386679,0.416058,0.169235,0.065339,0.137580,0.320006,0.501537,0.140025,0.343750,0.322046,0.359196,0.180097,0.094636,0.086698,0.573623,0.038741,3.892021,2.066938,1.504730,0.727999,0.829859,0.539310
69,9742,0.856600,0.871895,0.879286,735969.522683,135,130,12484.775798,403.551596,0.366315,111.372796,0.555100,4.664696,4.261675,4.181538,118.118447,109.908139,-85.950675,594.405158,0.939648,26441596.931353,74.366412,131,135,0.780310,64658.216680,136.779484,121.050224,0.166990,0.000144,0.000190,0.000003,0.000000,0.000000,-0.000000,1,1.945414,0.656490,0.723063,-0.413952,9742,735969.522683,12484.775798,403.551596,118.118447,109.908139,594.405158,64658.216680,56.457274,41.320776,6.189373,0.046728,5.908580,0.022195,0.013350,0.020940,0.023616,0.025430,0.022332,0.019589,0.016818,0.020668,0.023891,0.019856,0.026679,0.042022,0.026928,0.021732,0.018699,0.021793,0.018414,0.018711,0.020782,0.023165,0.024576,0.022355,0.025003,0.019757,0.028242,0.036252,0.026837,0.024335,0.018524,0.022334,0.020579,0.021871,0.025727,0.025047,0.026349,0.021559,0.013158,0.016183,0.013472,0.016006,0.020455,0.012960,0.010381,0.010427,0.012034,0.012651,0.015039,0.012470,17.369771,2.314623,0.523522,0.297282,0.197384,0.135552,0.111041,0.082958,0.076903,0.047085,0.045118,0.032524,0.035604,0.028497,0.026486,0.022762,0.019852,0.018259,0.017775,0.018054,0.016689,0.014907,0.013411,0.012877,0.011613,0.010454,0.010312,0.010676,0.010726,0.010155,0.009136,0.008632,0.008125,0.008246,0.007836,0.007343,0.008000,0.007330,0.007773,0.007655,0.007240,0.007233,0.006756,0.006449,0.006243,0.006329,0.006116,0.006488,0.006370,0.006455,0.094942,0.066396,0.586613,0.104697,0.479618,0.074916,0.169762,0.513950,0.320766,0.052609,0.070138,0.651974,0.079474,0.107021,0.414124,0.391088,0.437207,0.184051,0.275438,0.102967,0.631474,0.085344,0.190703,0.558442,0.298453,0.079055,0.252862,0.483230,0.154250,0.107893,0.106711,0.638944,0.102108,0.103189,0.315131,0.437076,0.142630,0.183686,0.254897,0.473382,0.235781,0.605383,0.217228,0.291731,0.320119,0.337289,0.098599,0.134408,0.508600,0.383852,0.537109,0.119850,0.104783,0.372293,0.529156,0.407839,0.366636,0.097547,0.602271,0.099772,0.109945,0.099613,0.122591,0.192480,0.395869,0.659098,0.557697,0.106203,0.100328,0.145944,0.118769,0.063655,0.294869,0.101354,0.347452,0.722320,0.256498,0.114713,0.124868,0.138799,0.382755,0.027573,16.389494,1.019164,0.913602,0.896422,0.678917,0.550862
70,438,0.897260,0.904110,0.926941,7105.235385,25,25,487.359044,76.718088,0.371871,23.615226,0.700800,1.252386,1.020190,0.884272,24.835322,23.054240,7.168201,83.840620,0.807180,4407222.641843,18.250000,24,25,0.898721,1993.972056,26.870058,24.430454,0.163480,0.000147,0.000109,0.000003,-0.000000,-0.000000,0.000000,1,1.947145,0.613825,0.678851,-0.437095,438,7105.235385,487.359044,76.718088,24.835322,23.054240,83.840620,1993.972056,57.420272,94.415525,5.877009,0.048258,-0.633319,0.024218,0.016144,0.023634,0.021452,0.023924,0.019070,0.016775,0.017737,0.018618,0.017322,0.014361,0.021278,0.026834,0.016550,0.026580,0.022432,0.030207,0.033866,0.032055,0.031263,0.032693,0.037173,0.033470,0.034083,0.022456,0.019890,0.026196,0.024934,0.025373,0.018778,0.015189,0.015260,0.015820,0.015557,0.014109,0.015231,0.017923,0.012262,0.014351,0.012833,0.015926,0.015877,0.014520,0.015995,0.016970,0.019172,0.017776,0.016821,0.013261,0.577769,1.261893,1.551655,1.113023,0.569216,0.136693,0.104937,0.119146,0.094692,0.045606,0.031427,0.038726,0.044405,0.030483,0.022764,0.024021,0.026776,0.019853,0.012822,0.011574,0.013335,0.011422,0.009024,0.008666,0.009799,0.009286,0.008083,0.007235,0.007802,0.007629,0.006729,0.006072,0.006436,0.006673,0.005966,0.004593,0.004353,0.004955,0.005372,0.005350,0.004852,0.004656,0.004715,0.004924,0.004710,0.004336,0.003953,0.004228,0.004743,0.004974,0.040031,0.039251,0.824757,0.056356,0.499702,0.049718,0.122518,0.186178,0.107734,0.033436,0.034420,0.928565,0.034574,0.105533,0.154225,0.214538,0.203273,0.109538,0.268772,0.071404,0.898151,0.054173,0.107688,0.153276,0.136631,0.052115,0.237858,0.204581,0.259498,0.166733,0.032160,0.848701,0.058182,0.163885,0.278175,0.184533,0.262465,0.331772,0.393255,0.319434,0.336583,0.305226,0.404155,0.373817,0.234129,0.636581,0.066564,0.217318,0.331609,0.309668,0.287128,0.229941,0.086278,0.441004,0.215441,0.287692,0.250524,0.078250,0.885086,0.056756,0.060373,0.080848,0.071768,0.320973,0.456925,0.626865,0.436425,0.242299,0.094938,0.109319,0.115512,0.108390,0.525736,0.114888,0.278654,0.377593,0.229369,0.094401,0.115078,0.107070,0.635567,0.062311,5.224198,1.153706,0.814597,0.706070,0.915047,0.730000
71,8736,0.891789,0.800943,0.894319,676640.676320,120,120,11465.244996,386.489992,0.632448,105.465732,0.606667,3.501198,4.971951,2.963033,122.268304,94.709365,19.947305,622.185858,0.928157,28792232.823140,73.694915,118,123,0.761955,51254.119687,133.962638,114.751970,0.171107,0.001830,0.000054,0.000000,-0.000000,-0.000000,-0.000000,1,1.933415,0.655633,0.720676,-0.386575,8736,676640.676320,11465.244996,386.489992,122.268304,94.709365,622.185858,51254.119687,62.951614,46.672505,6.374314,0.057443,7.360825,0.019295,0.029928,0.028818,0.023537,0.022499,0.016252,0.017152,0.014674,0.011651,0.012404,0.010477,0.011238,0.014720,0.010986,0.015243,0.013410,0.019044,0.019221,0.017116,0.015263,0.017101,0.021026,0.020221,0.022283,0.018515,0.035608,0.037122,0.029715,0.031950,0.025768,0.025633,0.021310,0.021254,0.023499,0.020832,0.021315,0.019346,0.011964,0.016284,0.016211,0.020021,0.018747,0.015148,0.018710,0.026551,0.035127,0.028166,0.031145,0.025795,14.610371,2.191957,0.512976,0.210698,0.204951,0.167323,0.112982,0.078715,0.066700,0.043937,0.041218,0.036423,0.032291,0.027037,0.027581,0.021884,0.020307,0.018691,0.016698,0.014954,0.015995,0.013609,0.011559,0.012350,0.012594,0.010459,0.010720,0.010143,0.008930,0.008511,0.009709,0.008790,0.008071,0.007884,0.007667,0.008012,0.007670,0.008100,0.007495,0.007264,0.006860,0.006824,0.006827,0.007146,0.007468,0.007173,0.006892,0.007038,0.006662,0.006926,0.193451,0.093036,0.607841,0.086424,0.498554,0.079572,0.311544,0.391586,0.267758,0.056613,0.108805,0.615390,0.067183,0.090922,0.166621,0.675368,0.312569,0.109023,0.290733,0.123762,0.621430,0.092359,0.360088,0.247557,0.483365,0.076768,0.273803,0.577576,0.167078,0.088006,0.084312,0.650625,0.082721,0.105560,0.187287,0.383746,0.392682,0.285782,0.249423,0.332920,0.434522,0.379779,0.286845,0.245746,0.339658,0.340672,0.079985,0.102158,0.209269,0.792175,0.233843,0.115221,0.083458,0.347633,0.410490,0.369200,0.477246,0.102499,0.619672,0.088366,0.148540,0.115695,0.172242,0.184443,0.385463,0.842085,0.196136,0.127663,0.088445,0.154394,0.104291,0.104824,0.356089,0.176862,0.522995,0.320323,0.521929,0.128222,0.123185,0.117363,0.384695,0.022567,14.040821,1.677994,1.420071,0.846291,0.621181,0.599146
72,1715,0.896793,0.700875,0.861808,66586.448992,66,40,1936.422295,166.844590,0.786459,46.729068,0.649621,3.002716,6.330188,2.422586,60.763071,37.529848,88.308774,197.130988,0.878156,10107869.290674,43.974359,39,66,0.885654,11101.493336,66.029594,38.150818,0.185775,0.006918,0.000166,0.000011,-0.000000,-0.000001,-0.000000,1,2.032748,0.646071,0.680101,-0.065907,1715,66586.448992,1936.422295,166.844590,60.763071,37.529848,197.130988,11101.493336,60.596182,116.353353,6.674274,0.053451,-0.288711,0.011669,0.004987,0.005657,0.004559,0.004975,0.004588,0.004946,0.005755,0.006990,0.008581,0.009831,0.015635,0.028318,0.026295,0.034483,0.027386,0.029455,0.026197,0.020440,0.018001,0.019217,0.020572,0.022237,0.028358,0.033937,0.061238,0.082866,0.071750,0.076927,0.053281,0.032962,0.022703,0.020948,0.017171,0.012102,0.011899,0.011591,0.008374,0.013348,0.013158,0.015632,0.015412,0.012138,0.009456,0.007215,0.006054,0.004663,0.004321,0.003391,2.874800,3.775389,1.937999,0.767702,0.263165,0.149986,0.120013,0.120539,0.086786,0.054118,0.048773,0.039163,0.034060,0.025596,0.023114,0.021352,0.019450,0.019134,0.019314,0.014878,0.012406,0.011804,0.010750,0.009590,0.009919,0.009014,0.008756,0.009248,0.009246,0.007961,0.006885,0.006480,0.006384,0.005951,0.006040,0.005881,0.005878,0.005429,0.005247,0.005599,0.005027,0.004316,0.004016,0.004587,0.004545,0.004129,0.003921,0.004231,0.004086,0.004071,0.088626,0.068766,0.813951,0.075570,0.434234,0.128492,0.250808,0.192933,0.118282,0.099521,0.106864,0.795659,0.051153,0.086943,0.188061,0.488837,0.207850,0.133771,0.209099,0.127542,0.827850,0.050432,0.110869,0.169585,0.345719,0.092395,0.288133,0.301282,0.333518,0.198448,0.150302,0.778612,0.213640,0.166577,0.166768,0.169064,0.371967,0.452529,0.246001,0.394033,0.229303,0.295571,0.414634,0.217223,0.286406,0.471857,0.252089,0.144907,0.434901,0.212543,0.242898,0.366759,0.162917,0.488298,0.253110,0.457112,0.230929,0.155876,0.788043,0.119650,0.089461,0.064820,0.042691,0.315809,0.582720,0.435120,0.520239,0.172610,0.109554,0.156372,0.106381,0.152170,0.447254,0.242599,0.325676,0.557202,0.138735,0.082452,0.153932,0.149103,0.502589,0.044132,8.699799,2.612988,2.108154,0.806798,0.846364,0.666278
73,559,0.499106,0.465116,0.563506,3817.274298,47,43,1539.983368,138.966736,0.599435,26.678473,0.276596,2.846132,2.249346,1.895926,41.440578,33.170011,12.511850,226.030483,0.605667,10251191.325288,8.740946,45,44,0.362991,2117.173957,47.853938,43.000000,0.314460,0.004743,0.003531,0.000680,0.000000,-0.000046,0.000001,1,2.071839,0.854316,0.869421,-0.080576,559,3817.274298,1539.983368,138.966736,41.440578,33.170011,226.030483,2117.173957,80.285876,70.597496,5.974334,0.090188,7.472928,0.029426,0.021749,0.030190,0.029493,0.033883,0.027763,0.024615,0.023265,0.023574,0.018712,0.012584,0.010794,0.013810,0.012851,0.020322,0.023372,0.030920,0.030231,0.021839,0.020655,0.021106,0.021122,0.023200,0.018622,0.016996,0.019926,0.024120,0.023995,0.025279,0.021512,0.017646,0.015443,0.014181,0.012560,0.010541,0.014283,0.017885,0.011388,0.018039,0.019891,0.022277,0.023204,0.023753,0.022177,0.023523,0.025977,0.021377,0.021756,0.017599,0.377772,0.661957,0.571853,0.294057,0.177976,0.111268,0.074458,0.070684,0.073917,0.052582,0.042245,0.037523,0.028992,0.021047,0.023773,0.022414,0.022432,0.022900,0.021748,0.019424,0.019854,0.016009,0.013548,0.012377,0.013246,0.013133,0.013243,0.012861,0.011715,0.011420,0.012939,0.012026,0.009790,0.009072,0.010756,0.012137,0.010623,0.009742,0.010825,0.010821,0.010056,0.009364,0.008873,0.009202,0.009737,0.009558,0.009714,0.011784,0.010901,0.009598,0.044705,0.049163,0.762120,0.075439,0.521594,0.069634,0.138544,0.281867,0.183063,0.040534,0.046737,0.856750,0.068388,0.161439,0.197900,0.270110,0.293275,0.182420,0.276937,0.076089,0.840126,0.071083,0.162658,0.192964,0.175211,0.061017,0.329447,0.396489,0.114823,0.094981,0.082169,0.751056,0.086692,0.137974,0.347447,0.320126,0.424518,0.100173,0.124367,0.221154,0.539521,0.316723,0.325954,0.359363,0.344366,0.454070,0.075740,0.121113,0.239955,0.570011,0.334070,0.270946,0.080881,0.446504,0.412183,0.399139,0.213016,0.097999,0.762211,0.080118,0.070419,0.074531,0.133841,0.475969,0.451468,0.436785,0.386133,0.408334,0.123351,0.136831,0.080045,0.150553,0.480114,0.087912,0.310268,0.407736,0.452236,0.131262,0.158348,0.106763,0.490944,0.010942,2.473118,1.186410,0.790317,0.666141,0.614814,0.282323
74,5320,0.879955,0.715762,0.884088,171350.024108,121,78,6434.829973,305.659947,0.792405,82.302092,0.563679,3.438957,9.790728,3.477462,108.916764,66.438751,-82.256870,353.954365,0.932458,17172106.550066,41.020947,78,123,0.826751,17019.154104,122.638979,75.941760,0.191188,0.007655,0.000037,0.000000,-0.000000,-0.000000,-0.000000,1,2.230002,0.665532,0.704826,-0.041992,5320,171350.024108,6434.829973,305.659947,108.916764,66.438751,353.954365,17019.154104,70.169533,101.975564,7.107306,0.070391,2.255392,0.008410,0.006531,0.007989,0.008011,0.009519,0.011043,0.011454,0.012608,0.017913,0.020782,0.016692,0.015841,0.028871,0.022675,0.035709,0.035771,0.052602,0.051770,0.029579,0.023018,0.022764,0.024628,0.022929,0.025386,0.022608,0.020299,0.030538,0.035327,0.040119,0.035100,0.042464,0.042125,0.031889,0.023723,0.017818,0.016905,0.016187,0.010307,0.012587,0.011398,0.011329,0.009552,0.008433,0.008678,0.009168,0.009169,0.007009,0.007294,0.005889,11.135165,4.756235,1.172469,0.525768,0.304255,0.169376,0.148956,0.086646,0.066478,0.049204,0.046519,0.037714,0.032970,0.027389,0.025727,0.021686,0.018940,0.016354,0.013368,0.013982,0.013699,0.011271,0.011017,0.010449,0.009364,0.008539,0.008467,0.007690,0.007854,0.007142,0.007030,0.006247,0.006323,0.005871,0.005991,0.005552,0.005219,0.004937,0.005212,0.005021,0.005185,0.005175,0.004967,0.004578,0.004887,0.004743,0.004574,0.004885,0.004829,0.004662,0.112427,0.167693,0.725894,0.088448,0.392565,0.092683,0.333667,0.359876,0.144746,0.111058,0.167524,0.687532,0.107221,0.094015,0.237531,0.518223,0.348211,0.142611,0.256700,0.131458,0.729325,0.125490,0.141152,0.326913,0.412564,0.127856,0.236237,0.236041,0.356643,0.382185,0.200819,0.498571,0.105449,0.311996,0.478654,0.211073,0.233177,0.336981,0.464717,0.353926,0.183709,0.218010,0.441231,0.410252,0.215818,0.341036,0.168727,0.411653,0.448082,0.217067,0.339916,0.416940,0.226255,0.311925,0.232877,0.452748,0.379099,0.229123,0.617732,0.105481,0.137596,0.313749,0.185696,0.246456,0.460856,0.589316,0.464207,0.189707,0.133531,0.172661,0.217338,0.182270,0.379297,0.171279,0.513841,0.566638,0.167805,0.149005,0.186659,0.185463,0.349409,0.042464,15.030186,2.815481,2.847005,1.011197,0.863558,0.554826
75,13002,0.934159,0.895470,0.923775,1159796.944290,146,141,14705.729894,437.459789,0.431213,128.664916,0.631594,3.397403,5.303296,3.913097,136.960389,123.572556,-87.557689,537.162518,0.957976,25064553.968305,92.205674,141,146,0.884145,68587.049584,149.573824,131.663514,0.163560,0.000281,0.000019,0.000000,0.000000,0.000000,0.000000,1,1.972454,0.640508,0.709332,-0.470574,13002,1159796.944290,14705.729894,437.459789,136.960389,123.572556,537.162518,68587.049584,58.597232,47.694278,6.448186,0.050156,5.505828,0.018181,0.016878,0.019661,0.014102,0.013773,0.011713,0.012437,0.014551,0.019067,0.019136,0.019009,0.028532,0.029052,0.021771,0.035216,0.028330,0.025445,0.024459,0.022287,0.021936,0.020961,0.021000,0.023626,0.027889,0.020643,0.019986,0.023746,0.027796,0.031277,0.027338,0.022289,0.020644,0.023993,0.034207,0.028180,0.022594,0.027210,0.010830,0.017147,0.020397,0.021234,0.015464,0.013031,0.014617,0.012584,0.012178,0.011868,0.015220,0.014696,25.866856,2.655593,0.862596,0.324419,0.234662,0.167318,0.123149,0.088134,0.077671,0.057637,0.048652,0.036825,0.033999,0.026002,0.023723,0.020305,0.020482,0.018171,0.015965,0.013878,0.012807,0.011625,0.010377,0.010696,0.010151,0.009065,0.008330,0.008232,0.007540,0.007094,0.007094,0.007136,0.006612,0.006469,0.006534,0.006558,0.006101,0.005775,0.005252,0.005230,0.005263,0.005020,0.005024,0.005111,0.005184,0.005037,0.005129,0.005032,0.005190,0.005209,0.123105,0.083759,0.578929,0.079371,0.449243,0.087091,0.186772,0.573875,0.250500,0.064854,0.083425,0.622636,0.078744,0.111706,0.359242,0.378732,0.546554,0.106141,0.250188,0.107587,0.612297,0.098300,0.275284,0.517516,0.323853,0.133157,0.273942,0.438300,0.402711,0.161623,0.097019,0.597582,0.093433,0.144955,0.349437,0.318165,0.195564,0.569626,0.323866,0.245640,0.218643,0.330553,0.346103,0.406530,0.172996,0.333074,0.099362,0.197230,0.350031,0.569923,0.466461,0.205623,0.113180,0.346813,0.410339,0.638954,0.229123,0.100712,0.564324,0.096487,0.110233,0.104882,0.098978,0.200020,0.625726,0.617215,0.355773,0.116483,0.115571,0.130049,0.110112,0.070482,0.303512,0.117163,0.555892,0.550984,0.319655,0.173375,0.121593,0.123903,0.345221,0.045061,24.204965,1.355268,1.560986,1.151791,0.814390,0.631546
76,4259,0.941770,0.842451,0.945058,120369.903673,132,91,6400.184926,321.369853,0.721256,73.639169,0.354562,1.328650,5.085010,1.326125,96.239367,66.661994,88.497215,366.540151,0.909904,18406263.608947,35.998061,91,132,0.665450,13690.242844,132.237786,77.906996,0.201083,0.004997,0.000037,0.000006,0.000000,0.000000,0.000000,1,2.432115,0.723574,0.789495,-0.000885,4259,120369.903673,6400.184926,321.369853,96.239367,66.661994,366.540151,13690.242844,69.217991,85.723644,7.005090,0.068625,3.622729,0.009996,0.005298,0.006417,0.006100,0.005735,0.005070,0.006091,0.008418,0.010607,0.015299,0.016842,0.021357,0.033483,0.022940,0.039254,0.034590,0.036441,0.034838,0.040046,0.044220,0.037166,0.027327,0.033490,0.031410,0.017283,0.010365,0.025549,0.035219,0.036297,0.029726,0.030293,0.026385,0.024888,0.024599,0.024412,0.036170,0.034502,0.012598,0.010566,0.007691,0.011020,0.016249,0.014091,0.012199,0.010934,0.009783,0.007070,0.005775,0.003896,7.626551,3.666432,0.952642,0.427171,0.318341,0.168439,0.134009,0.100945,0.075657,0.058458,0.045513,0.035670,0.031732,0.024743,0.021825,0.017165,0.017767,0.015778,0.014170,0.013493,0.012975,0.011072,0.010256,0.009914,0.009203,0.008101,0.008275,0.007782,0.007117,0.006804,0.006410,0.006043,0.006334,0.006087,0.005841,0.005420,0.005112,0.005032,0.004824,0.005137,0.004787,0.004522,0.004412,0.004653,0.004585,0.004620,0.004433,0.004366,0.004065,0.004031,0.073336,0.104477,0.721917,0.131968,0.401899,0.101409,0.248844,0.445073,0.115351,0.097065,0.168883,0.705024,0.119187,0.168609,0.311115,0.331090,0.438881,0.152751,0.233032,0.207310,0.735639,0.084071,0.173978,0.357875,0.324814,0.148426,0.261931,0.176114,0.431928,0.345037,0.133845,0.486572,0.152208,0.335917,0.502083,0.143559,0.166048,0.447483,0.396524,0.285191,0.146511,0.311971,0.413941,0.476634,0.127681,0.244305,0.269651,0.505624,0.283652,0.153329,0.338027,0.520217,0.224997,0.269199,0.232792,0.584193,0.348902,0.131671,0.610715,0.177458,0.163586,0.138147,0.123073,0.243547,0.566406,0.448103,0.472110,0.144796,0.184229,0.245433,0.244376,0.146020,0.320954,0.211055,0.558062,0.466650,0.128404,0.141651,0.355738,0.245001,0.316418,0.031700,11.619464,3.834486,3.827200,0.998100,0.876766,0.354562
77,384,0.916667,0.882812,0.968750,6184.879637,24,20,400.663040,69.326081,0.516017,22.111626,0.800000,1.511511,1.265865,0.365847,23.981060,20.541655,89.180985,72.284271,0.781395,4840362.863694,19.200000,20,24,0.958411,1722.924764,25.059349,20.000000,0.161858,0.000618,0.000006,0.000000,-0.000000,-0.000000,0.000000,1,1.928773,0.607959,0.678376,-0.436308,384,6184.879637,400.663040,69.326081,23.981060,20.541655,72.284271,1722.924764,64.222073,87.726562,6.179488,0.059646,1.175793,0.020142,0.015375,0.019860,0.018697,0.019999,0.017363,0.015624,0.014806,0.015260,0.014988,0.011701,0.015787,0.020713,0.012961,0.024607,0.019851,0.028600,0.033705,0.032316,0.034412,0.038700,0.049678,0.044030,0.047032,0.033703,0.030553,0.039374,0.032750,0.032119,0.022493,0.019455,0.018044,0.016819,0.013681,0.010123,0.010517,0.011661,0.008120,0.009271,0.008738,0.010742,0.010982,0.010952,0.012232,0.012939,0.014776,0.014498,0.015721,0.013672,0.392256,0.896000,1.150277,0.904743,0.602783,0.240739,0.092580,0.085868,0.082129,0.055008,0.037539,0.031589,0.031786,0.022888,0.018979,0.018315,0.018094,0.014130,0.010420,0.011400,0.013473,0.011386,0.007854,0.006472,0.008216,0.009044,0.007246,0.004947,0.004979,0.006311,0.006377,0.004856,0.004152,0.004694,0.005126,0.004526,0.003726,0.003665,0.004010,0.004148,0.003618,0.003342,0.003548,0.003895,0.003731,0.003469,0.003377,0.003746,0.003871,0.003804,0.045335,0.047406,0.856329,0.057711,0.438428,0.040618,0.097193,0.215236,0.097072,0.043795,0.041607,0.929921,0.047418,0.078089,0.170297,0.188459,0.220886,0.099701,0.237779,0.063916,0.903630,0.053904,0.075434,0.174937,0.131178,0.045610,0.253652,0.228834,0.280714,0.138853,0.040309,0.786050,0.051044,0.178608,0.377432,0.230414,0.265621,0.311500,0.272015,0.320466,0.324191,0.355633,0.408286,0.433415,0.263814,0.372199,0.056978,0.193860,0.334685,0.319457,0.366527,0.276093,0.075966,0.624683,0.220497,0.347875,0.231899,0.081292,0.855750,0.063582,0.079224,0.076216,0.146761,0.301475,0.491443,0.557695,0.417023,0.338801,0.114937,0.126832,0.086340,0.176414,0.513729,0.103659,0.313398,0.391918,0.305530,0.126696,0.124075,0.094356,0.582938,0.073493,5.312359,3.460092,0.837483,0.242041,0.959076,0.800000
78,2683,0.965697,0.963087,0.964952,105820.883345,59,61,2795.533436,186.066873,0.242634,58.447427,0.745485,1.100726,1.081470,0.907864,59.424267,57.648550,-76.658385,196.580736,0.925442,9849135.514706,45.457627,59,60,0.959745,11924.938206,62.934714,58.380085,0.159617,0.000023,0.000009,0.000000,0.000000,0.000000,0.000000,1,1.899633,0.625078,0.689702,-0.468347,2683,105820.883345,2795.533436,186.066873,59.424267,57.648550,196.580736,11924.938206,61.293572,100.314201,6.906321,0.054621,2.218892,0.010200,0.019207,0.022253,0.020685,0.022163,0.016489,0.016869,0.016766,0.019475,0.021033,0.022691,0.027174,0.031351,0.025321,0.036756,0.028387,0.032040,0.028428,0.023800,0.022584,0.021817,0.022007,0.020067,0.020035,0.018675,0.019827,0.021565,0.020156,0.023324,0.020938,0.018431,0.018240,0.020730,0.019565,0.017053,0.017688,0.018477,0.011526,0.015641,0.011532,0.012590,0.013847,0.014268,0.016658,0.020115,0.025087,0.026652,0.024896,0.015122,7.151163,6.442185,1.841873,0.547135,0.256915,0.180755,0.137420,0.085629,0.070796,0.049262,0.050070,0.037051,0.031344,0.025114,0.026281,0.021742,0.017919,0.016134,0.015150,0.014478,0.012466,0.011150,0.010443,0.010684,0.009005,0.008390,0.008545,0.008039,0.007562,0.006251,0.006544,0.006665,0.005855,0.005669,0.005553,0.005505,0.005429,0.005048,0.004997,0.004711,0.004966,0.004600,0.004874,0.004732,0.004584,0.004742,0.004357,0.004720,0.004523,0.004700,0.079071,0.077664,0.708531,0.144122,0.514741,0.087943,0.207019,0.347126,0.169948,0.075538,0.133845,0.758238,0.124203,0.168301,0.246941,0.381968,0.365866,0.130247,0.349389,0.152986,0.776825,0.066939,0.171373,0.244626,0.275536,0.099142,0.267627,0.326737,0.251515,0.178071,0.183972,0.724424,0.122761,0.147704,0.353985,0.278287,0.220258,0.276601,0.302581,0.365308,0.411565,0.327152,0.354357,0.444886,0.223753,0.429881,0.132587,0.222775,0.312241,0.434580,0.321979,0.344977,0.209075,0.441866,0.327850,0.445808,0.270587,0.111383,0.738412,0.122260,0.138068,0.111312,0.128418,0.252452,0.493633,0.537831,0.459633,0.290917,0.141036,0.184495,0.190237,0.131587,0.471203,0.108183,0.375196,0.505031,0.310373,0.130734,0.147426,0.190149,0.446228,0.069429,13.648336,1.191226,0.982507,0.824786,0.946516,0.757627
79,3731,0.903831,0.894455,0.880257,176551.616646,78,75,4349.529293,234.058585,0.417886,68.923557,0.637778,2.056785,2.975544,2.708113,73.549078,66.819295,-80.473434,296.427453,0.919005,14242668.958974,49.773333,75,79,0.857794,19346.567707,79.075614,72.250577,0.165365,0.000250,0.000015,0.000000,-0.000000,0.000000,0.000000,1,1.978324,0.637250,0.700192,-0.440448,3731,176551.616646,4349.529293,234.058585,73.549078,66.819295,296.427453,19346.567707,63.404380,70.912356,6.823063,0.058224,3.759422,0.011651,0.012284,0.016144,0.013694,0.014185,0.012026,0.011730,0.012814,0.012674,0.014004,0.015319,0.019354,0.029406,0.020551,0.022037,0.021879,0.031063,0.036336,0.036481,0.033360,0.029396,0.027811,0.026407,0.028304,0.020988,0.020151,0.024305,0.023977,0.025174,0.022273,0.017199,0.014101,0.018142,0.021604,0.018477,0.016723,0.026469,0.018510,0.024972,0.023006,0.029455,0.027181,0.018712,0.016756,0.018303,0.018657,0.014981,0.013281,0.009339,8.256951,5.201663,1.291060,0.420088,0.218261,0.166486,0.116195,0.087186,0.072318,0.058782,0.049724,0.036519,0.036181,0.025166,0.024513,0.020214,0.017340,0.015708,0.014836,0.014218,0.013857,0.013193,0.012896,0.012171,0.010357,0.009658,0.008823,0.007574,0.007522,0.008023,0.007726,0.007395,0.007328,0.007485,0.007143,0.006312,0.006298,0.005684,0.005023,0.004707,0.005158,0.005548,0.005751,0.005912,0.006077,0.005604,0.005433,0.005654,0.005296,0.005263,0.129123,0.075490,0.706096,0.084431,0.505453,0.095586,0.239296,0.324681,0.211254,0.101648,0.076190,0.717738,0.065025,0.077317,0.255328,0.476211,0.362766,0.186919,0.267385,0.098909,0.729761,0.080490,0.193603,0.340938,0.343266,0.128236,0.302810,0.416673,0.142739,0.111387,0.072436,0.677829,0.132233,0.219549,0.351527,0.373688,0.249854,0.140194,0.178075,0.271470,0.197287,0.370398,0.518800,0.480168,0.369701,0.409031,0.096783,0.112392,0.337220,0.502645,0.410980,0.322316,0.166696,0.379137,0.365727,0.477836,0.320305,0.091944,0.667219,0.102893,0.115301,0.172521,0.167455,0.181484,0.516511,0.663039,0.414306,0.134512,0.109814,0.139590,0.161139,0.115781,0.411127,0.162272,0.467537,0.536950,0.353374,0.132300,0.125156,0.098915,0.360431,0.042461,12.586554,1.098752,1.446697,1.316673,0.789598,0.630042
80,474,0.905063,0.924051,0.953586,8061.195849,27,24,500.605400,77.210800,0.373980,24.566553,0.731481,1.691837,1.146730,0.503466,25.599769,23.742162,88.820890,82.426407,0.819853,4410692.917138,19.750000,24,27,0.946854,2101.387352,27.458050,24.000000,0.160399,0.000145,0.000027,0.000000,-0.000000,-0.000000,0.000000,1,1.895290,0.608625,0.673800,-0.446138,474,8061.195849,500.605400,77.210800,25.599769,23.742162,82.426407,2101.387352,55.467746,101.675105,5.936961,0.045178,-0.991006,0.022495,0.009650,0.013980,0.014977,0.017357,0.016660,0.017379,0.018016,0.021190,0.022219,0.021852,0.026293,0.032666,0.020364,0.028925,0.023351,0.028723,0.030110,0.027779,0.024938,0.026016,0.032825,0.027005,0.029106,0.021055,0.022256,0.030482,0.029512,0.032477,0.027991,0.024007,0.022115,0.021229,0.020380,0.016208,0.016601,0.018720,0.013190,0.015878,0.014436,0.016395,0.016956,0.015574,0.015649,0.014119,0.013324,0.011355,0.010551,0.008158,0.667834,1.426504,1.699430,1.167964,0.568007,0.143557,0.121032,0.119953,0.089625,0.045031,0.037992,0.040284,0.038270,0.023800,0.019490,0.021434,0.023010,0.017530,0.013106,0.012527,0.013669,0.011758,0.009370,0.008643,0.009388,0.008852,0.006997,0.005648,0.006651,0.007597,0.007271,0.006210,0.006063,0.006808,0.006746,0.005308,0.005166,0.005692,0.005502,0.004772,0.004335,0.004557,0.004546,0.004425,0.004269,0.004420,0.004401,0.004165,0.003621,0.003784,0.033752,0.040858,0.825303,0.062447,0.496200,0.037809,0.140546,0.177912,0.114518,0.036511,0.036417,0.926648,0.039169,0.088876,0.153571,0.229449,0.188877,0.131616,0.276213,0.078357,0.894572,0.047591,0.092672,0.169437,0.135025,0.062347,0.235847,0.163163,0.273741,0.168533,0.044495,0.827468,0.051413,0.191511,0.279661,0.256563,0.211143,0.346358,0.340019,0.299256,0.340130,0.316016,0.413130,0.366647,0.331092,0.520952,0.112396,0.221606,0.331105,0.366393,0.350261,0.249529,0.118617,0.473255,0.187820,0.325852,0.217222,0.087836,0.877969,0.067635,0.064368,0.064916,0.140994,0.291789,0.518927,0.537177,0.417309,0.336608,0.124402,0.085558,0.101697,0.190837,0.648853,0.129089,0.280060,0.349788,0.287311,0.128852,0.097696,0.107258,0.491260,0.069766,5.750584,2.277671,0.677802,0.297586,0.936724,0.731481
81,2400,0.898834,0.761032,0.912157,102234.755331,84,55,3041.484811,209.969623,0.691877,55.279064,0.519481,2.557629,5.460296,2.644379,66.466010,47.989489,-65.860819,232.373629,0.902828,10964494.735312,42.140351,57,76,0.789088,12795.147938,84.022111,54.616397,0.174946,0.003030,0.000064,0.000000,-0.000000,0.000000,-0.000000,1,2.114662,0.657450,0.707595,-0.252859,2400,102234.755331,3041.484811,209.969623,66.466010,47.989489,232.373629,12795.147938,58.613185,68.105833,6.740737,0.050182,3.027582,0.012547,0.010019,0.012620,0.011724,0.014342,0.011577,0.011558,0.011812,0.013538,0.014619,0.014733,0.021222,0.029329,0.017499,0.026382,0.021173,0.021823,0.018598,0.018525,0.019953,0.025453,0.025928,0.026124,0.036668,0.042934,0.048206,0.062660,0.053685,0.051862,0.034923,0.022813,0.016491,0.013004,0.010486,0.009458,0.012592,0.012822,0.009839,0.014470,0.015220,0.019094,0.021421,0.018601,0.016477,0.015253,0.014063,0.011136,0.009533,0.007740,5.115592,4.681908,1.459366,0.360243,0.299704,0.143296,0.111681,0.097397,0.062871,0.058602,0.046558,0.035446,0.036069,0.026899,0.025296,0.023753,0.020141,0.018273,0.018213,0.013759,0.015340,0.012685,0.012271,0.011976,0.010767,0.010750,0.009994,0.008505,0.008671,0.008474,0.008418,0.008308,0.008012,0.007577,0.007126,0.006346,0.006536,0.006541,0.006853,0.007000,0.006833,0.006678,0.005933,0.005870,0.006190,0.006087,0.006751,0.006887,0.006648,0.006181,0.051316,0.044882,0.690844,0.063547,0.506827,0.065002,0.169000,0.417923,0.222996,0.053181,0.074471,0.716231,0.066213,0.108835,0.236530,0.431348,0.438123,0.168671,0.296338,0.119102,0.734864,0.082439,0.198656,0.315733,0.363200,0.104060,0.263215,0.364791,0.144733,0.075965,0.066545,0.690655,0.073864,0.158762,0.435038,0.372635,0.320833,0.187854,0.148322,0.335463,0.251622,0.399154,0.386125,0.517105,0.296839,0.386886,0.129013,0.154109,0.378933,0.433071,0.465978,0.307563,0.156992,0.377367,0.378169,0.517334,0.274394,0.092652,0.688088,0.066341,0.072036,0.058038,0.138026,0.291181,0.515508,0.606231,0.455209,0.157459,0.130633,0.121488,0.093594,0.096716,0.367040,0.134532,0.471912,0.546513,0.289505,0.171893,0.152817,0.131528,0.414478,0.044446,10.328194,2.064869,2.134905,1.033918,0.903586,0.554478
82,500,0.927856,0.901804,0.943888,8956.680655,27,24,522.231825,79.463651,0.484108,25.231325,0.771605,1.200496,1.414883,1.121448,27.089500,23.703543,-82.805973,83.355339,0.822300,4628882.488290,20.791667,24,28,0.957429,2231.515607,28.791902,24.000000,0.161638,0.000460,0.000049,0.000001,0.000000,0.000000,0.000000,1,1.983858,0.613273,0.677254,-0.461698,500,8956.680655,522.231825,79.463651,27.089500,23.703543,83.355339,2231.515607,60.152996,108.968000,6.075018,0.052713,-0.767518,0.020840,0.012231,0.015707,0.017422,0.021817,0.023861,0.027112,0.026563,0.026066,0.023877,0.019885,0.021593,0.027405,0.015656,0.023704,0.018718,0.024482,0.026538,0.026196,0.026968,0.031282,0.040572,0.037895,0.038903,0.027536,0.024977,0.033153,0.027651,0.027542,0.022006,0.019914,0.019994,0.019060,0.016851,0.014112,0.014859,0.016566,0.010743,0.013810,0.010899,0.012428,0.011985,0.010222,0.011289,0.011491,0.013182,0.012332,0.012590,0.010355,0.700480,1.473543,1.709082,1.139527,0.543630,0.148547,0.132475,0.115767,0.082387,0.049593,0.045002,0.040190,0.034857,0.024253,0.022023,0.020465,0.019694,0.015701,0.013172,0.012695,0.013140,0.010726,0.009427,0.009597,0.009338,0.007798,0.007524,0.007520,0.006876,0.006018,0.006433,0.006629,0.005817,0.005247,0.005720,0.005917,0.005164,0.004368,0.004880,0.005428,0.004665,0.004125,0.004471,0.004839,0.004155,0.003785,0.004287,0.004773,0.004114,0.003705,0.044205,0.040055,0.827434,0.063739,0.506297,0.044928,0.073779,0.174608,0.115946,0.036276,0.038843,0.916842,0.034999,0.139342,0.132917,0.230282,0.217499,0.133905,0.201367,0.074005,0.872196,0.034294,0.139962,0.139219,0.199496,0.088196,0.324841,0.236851,0.242408,0.097866,0.066232,0.860635,0.068636,0.093496,0.277172,0.200507,0.266933,0.328237,0.386026,0.304963,0.399112,0.236336,0.391889,0.397415,0.228744,0.485721,0.120000,0.313573,0.273596,0.370617,0.235561,0.330983,0.145993,0.502771,0.243747,0.293397,0.128952,0.089297,0.898485,0.083181,0.065499,0.081331,0.069280,0.387328,0.474939,0.563980,0.427219,0.289470,0.120902,0.084712,0.107487,0.081698,0.570638,0.162457,0.399456,0.339874,0.240049,0.102243,0.076730,0.096809,0.538107,0.071962,5.998416,1.261658,1.178582,0.934154,0.953312,0.742560
83,12138,0.930821,0.898829,0.940303,1056296.127120,133,131,13623.937238,415.874477,0.461527,124.316457,0.696665,2.878951,4.025451,2.268974,133.117587,118.092104,32.155012,575.819372,0.952252,26437568.106493,94.015504,129,136,0.890932,61447.562437,140.655099,127.684186,0.163039,0.000378,0.000007,0.000000,0.000000,-0.000000,-0.000000,1,1.899009,0.624828,0.690191,-0.422555,12138,1056296.127120,13623.937238,415.874477,133.117587,118.092104,575.819372,61447.562437,62.511715,46.578761,6.446098,0.056689,7.149422,0.019525,0.009025,0.015165,0.014107,0.020408,0.020110,0.018865,0.020682,0.017512,0.017778,0.016053,0.020427,0.026375,0.021021,0.028095,0.020943,0.030580,0.020526,0.017814,0.018483,0.018175,0.021667,0.018991,0.021124,0.016159,0.029182,0.034916,0.033767,0.034540,0.029515,0.032257,0.023442,0.019506,0.013447,0.010899,0.015335,0.024736,0.022369,0.027601,0.021037,0.027228,0.027800,0.022173,0.018855,0.015940,0.017898,0.010195,0.009290,0.007984,23.196991,2.398325,0.671301,0.302104,0.241753,0.149599,0.128566,0.094775,0.083958,0.056421,0.044275,0.032917,0.034700,0.026110,0.022584,0.021376,0.020135,0.018133,0.015630,0.015157,0.014774,0.012453,0.013094,0.011422,0.010585,0.009444,0.009446,0.008456,0.008458,0.007675,0.007151,0.006837,0.006567,0.006549,0.006161,0.005970,0.006085,0.005956,0.005813,0.005455,0.005352,0.005337,0.005305,0.005532,0.005392,0.004977,0.005158,0.005445,0.004972,0.005140,0.121795,0.084339,0.594269,0.087045,0.457143,0.085558,0.285642,0.420115,0.378064,0.043762,0.095740,0.636684,0.074564,0.083974,0.317128,0.552846,0.398894,0.074935,0.289068,0.107573,0.595695,0.091734,0.276080,0.502627,0.367633,0.078050,0.267395,0.518368,0.271815,0.118606,0.093443,0.628586,0.085538,0.113098,0.131636,0.449504,0.221124,0.444082,0.302542,0.582165,0.325844,0.321659,0.266131,0.181101,0.100918,0.351891,0.093729,0.158219,0.532105,0.480953,0.410021,0.128968,0.080142,0.369771,0.385393,0.648341,0.184267,0.105040,0.589035,0.089529,0.120992,0.091098,0.090681,0.116157,0.646460,0.504716,0.483426,0.146690,0.096240,0.155283,0.144532,0.066148,0.291076,0.126850,0.441926,0.674818,0.225651,0.131313,0.135775,0.162027,0.368317,0.036608,21.079527,1.774128,1.398235,0.788125,0.722231,0.691290
84,2141,0.872370,0.767181,0.843385,85248.556552,71,51,2715.090930,194.181860,0.705576,52.211166,0.591273,3.755592,5.939808,3.834780,64.299906,45.565121,61.985312,258.344192,0.878141,12371093.325785,44.562500,48,74,0.788556,12062.357354,74.623801,45.601291,0.181217,0.003607,0.000164,0.000069,0.000000,0.000003,0.000000,1,2.029992,0.676280,0.703204,-0.058844,2141,85248.556552,2715.090930,194.181860,64.299906,45.565121,258.344192,12062.357354,70.722498,111.493695,6.971615,0.071425,1.303593,0.009682,0.011669,0.017150,0.017382,0.018768,0.015708,0.015104,0.016415,0.015827,0.014877,0.013976,0.016708,0.019554,0.013177,0.016139,0.013287,0.013933,0.011476,0.009650,0.011062,0.013844,0.016570,0.020250,0.025523,0.024272,0.041035,0.066091,0.070049,0.074847,0.045850,0.024799,0.019584,0.020667,0.018196,0.018999,0.021341,0.022594,0.015323,0.018080,0.014149,0.015369,0.016174,0.014343,0.015603,0.016219,0.014848,0.012670,0.012296,0.008552,3.767600,3.957742,1.492011,0.358692,0.187568,0.165935,0.134196,0.067447,0.074806,0.057423,0.034983,0.031386,0.033526,0.026303,0.023447,0.020285,0.020023,0.016302,0.015269,0.015834,0.014554,0.013661,0.013148,0.010658,0.010064,0.010028,0.010690,0.010374,0.010229,0.009913,0.009857,0.009254,0.007896,0.007451,0.007768,0.007364,0.007424,0.007895,0.007884,0.006951,0.006341,0.006681,0.006976,0.007135,0.006475,0.006771,0.006245,0.006383,0.006352,0.006213,0.127596,0.102826,0.744983,0.170232,0.510827,0.099890,0.251019,0.161178,0.171042,0.133461,0.173065,0.808604,0.151370,0.116889,0.196135,0.412507,0.173045,0.152458,0.266510,0.163016,0.843002,0.084331,0.070249,0.191155,0.239752,0.086500,0.279632,0.314073,0.264036,0.180531,0.222838,0.781832,0.156261,0.147538,0.206757,0.221807,0.277772,0.387595,0.318845,0.353002,0.280573,0.319256,0.332163,0.461849,0.205076,0.357851,0.243721,0.275030,0.308994,0.192727,0.349211,0.312993,0.406956,0.467711,0.242919,0.321611,0.289353,0.112633,0.803606,0.164028,0.156582,0.179953,0.107495,0.194722,0.447284,0.560548,0.287704,0.220826,0.188643,0.235226,0.463089,0.104393,0.345248,0.256373,0.429853,0.348901,0.203113,0.197706,0.195257,0.439107,0.444169,0.032079,8.287394,1.548930,1.581591,1.021086,0.751640,0.602196
85,496,0.933468,0.917339,0.963710,8797.768427,28,24,524.939294,79.878589,0.440041,25.130197,0.738095,0.821430,1.105303,0.807917,26.609401,23.894646,-87.639532,84.769553,0.807770,5356216.483780,20.666667,24,28,0.944871,2206.807189,28.442858,24.000000,0.160841,0.000297,0.000012,0.000000,0.000000,0.000000,-0.000000,1,1.979076,0.617360,0.681142,-0.491459,496,8797.768427,524.939294,79.878589,26.609401,23.894646,84.769553,2206.807189,57.597366,113.282258,6.142341,0.048542,-1.168559,0.019218,0.012655,0.017795,0.018888,0.020099,0.017328,0.015860,0.016040,0.017070,0.017014,0.013406,0.015834,0.023481,0.016032,0.025903,0.022645,0.030749,0.035329,0.034184,0.035058,0.038253,0.047630,0.039228,0.040924,0.025226,0.023137,0.034888,0.030565,0.032080,0.022302,0.019308,0.019461,0.019861,0.017418,0.012933,0.012996,0.014025,0.009178,0.012156,0.011444,0.013257,0.012920,0.011259,0.011849,0.012476,0.014727,0.012978,0.012631,0.009519,0.561204,1.263710,1.497689,1.020825,0.595380,0.222748,0.093870,0.091666,0.081676,0.052886,0.039972,0.031223,0.028317,0.023490,0.022293,0.017834,0.015028,0.014091,0.014170,0.012576,0.011365,0.010691,0.010257,0.008477,0.007620,0.007551,0.007577,0.006126,0.005586,0.006189,0.006330,0.004959,0.004297,0.004854,0.005086,0.004264,0.004033,0.004461,0.004475,0.004171,0.003927,0.004548,0.004669,0.004027,0.003423,0.003800,0.004334,0.004409,0.003998,0.003953,0.033428,0.039922,0.864208,0.070283,0.446318,0.035455,0.071996,0.179700,0.086936,0.029434,0.038775,0.938543,0.041593,0.050022,0.147457,0.209697,0.195998,0.091661,0.275306,0.069281,0.904036,0.039047,0.056078,0.151129,0.178920,0.055581,0.198776,0.215747,0.195007,0.073208,0.061122,0.834730,0.042910,0.113546,0.339340,0.282252,0.251558,0.253022,0.209778,0.262059,0.338091,0.388631,0.444795,0.436233,0.326389,0.527926,0.100161,0.212206,0.249205,0.346973,0.392246,0.374907,0.111891,0.420476,0.258690,0.354160,0.128598,0.076538,0.858562,0.047111,0.061359,0.087240,0.185815,0.318227,0.505679,0.540025,0.364268,0.356492,0.166172,0.078864,0.090893,0.222522,0.507089,0.132819,0.441405,0.345146,0.334593,0.176688,0.096137,0.080149,0.502408,0.069024,5.851157,1.368090,1.345583,0.983549,0.942303,0.738095
86,2827,0.868319,0.487434,0.929558,60920.012290,127,49,3603.313179,278.626359,0.934700,59.995401,0.454283,2.006446,15.990535,1.520755,102.772654,36.529253,-73.287829,296.865007,0.889875,15558318.919376,27.454449,47,129,0.784556,9152.805311,130.969058,46.077912,0.262920,0.041591,0.000109,0.000008,-0.000000,-0.000002,0.000000,1,2.577811,0.775538,0.721551,0.450093,2827,60920.012290,3603.313179,278.626359,102.772654,36.529253,296.865007,9152.805311,59.356458,104.114963,6.892948,0.051397,1.018688,0.009783,0.006257,0.007418,0.007727,0.007745,0.008682,0.009264,0.008728,0.008089,0.008037,0.007860,0.013582,0.021743,0.017563,0.028548,0.039523,0.062740,0.062797,0.050361,0.043299,0.043299,0.061655,0.064542,0.076016,0.063474,0.048958,0.061458,0.024546,0.014534,0.010515,0.009064,0.007845,0.008766,0.007735,0.005215,0.005735,0.006144,0.004208,0.005245,0.004297,0.004391,0.004332,0.004677,0.005057,0.004750,0.005798,0.005684,0.006112,0.005984,4.029832,3.480643,1.798113,0.561341,0.244177,0.178242,0.129087,0.091952,0.064500,0.059055,0.048382,0.035913,0.032879,0.028743,0.023349,0.020651,0.019289,0.015460,0.014769,0.012852,0.011898,0.012163,0.010464,0.010814,0.010742,0.009326,0.008600,0.008277,0.007848,0.007364,0.006728,0.007008,0.006793,0.006568,0.006088,0.005841,0.006019,0.006134,0.005345,0.005396,0.005533,0.005224,0.005081,0.005591,0.005471,0.005401,0.005063,0.005215,0.005024,0.005245,0.032187,0.050979,0.818616,0.090615,0.333683,0.043850,0.118509,0.430606,0.072719,0.027996,0.073831,0.799641,0.132688,0.066772,0.082588,0.346391,0.447504,0.072158,0.136296,0.110025,0.844097,0.129771,0.074797,0.106860,0.377408,0.225018,0.172896,0.049249,0.171642,0.529078,0.137269,0.393168,0.054883,0.259644,0.653969,0.129082,0.050522,0.112496,0.645712,0.335455,0.092884,0.107407,0.345022,0.547462,0.128058,0.307800,0.117731,0.535549,0.467801,0.154187,0.222667,0.309390,0.262524,0.384383,0.067008,0.312672,0.676695,0.115659,0.450595,0.095942,0.296649,0.337600,0.110619,0.064396,0.234836,0.831116,0.284866,0.060554,0.076397,0.322431,0.214388,0.096820,0.423284,0.126853,0.582666,0.446016,0.128263,0.135921,0.228143,0.189116,0.378903,0.032078,9.522847,10.514869,7.969580,0.757934,0.938562,0.465941
87,792,0.721374,0.788804,0.762087,15992.408303,38,37,1186.631831,123.263662,0.182422,31.755405,0.563300,2.315128,2.390397,2.472650,35.242890,34.651526,28.675639,160.645707,0.783723,8150624.863960,18.279070,43,38,0.667435,4177.794683,45.485457,35.957809,0.192527,0.000011,0.000575,0.000082,0.000000,0.000000,-0.000000,1,2.064194,0.672717,0.724970,-0.231737,792,15992.408303,1186.631831,123.263662,35.242890,34.651526,160.645707,4177.794683,64.467651,91.133838,6.496939,0.060075,1.113269,0.015333,0.009339,0.009358,0.008472,0.010168,0.009298,0.009278,0.010912,0.016008,0.021222,0.019411,0.025032,0.037357,0.029182,0.037324,0.034541,0.037353,0.033925,0.026509,0.026709,0.024168,0.022452,0.018640,0.023782,0.020809,0.027349,0.033345,0.029805,0.029713,0.022844,0.016849,0.013075,0.013764,0.017196,0.018488,0.022920,0.028199,0.019238,0.029619,0.023251,0.023614,0.022989,0.018830,0.017819,0.015748,0.013035,0.009381,0.006878,0.004803,0.935143,1.689227,1.389805,0.597171,0.200337,0.150851,0.141037,0.084610,0.064010,0.060214,0.057673,0.038139,0.031965,0.030246,0.026706,0.021016,0.019665,0.017568,0.015533,0.015308,0.013906,0.011910,0.011108,0.010130,0.011309,0.010232,0.009029,0.009408,0.009181,0.007754,0.006941,0.007259,0.007701,0.006823,0.006359,0.006252,0.005647,0.005467,0.005687,0.005534,0.005791,0.006079,0.005420,0.005680,0.005600,0.005165,0.005014,0.005346,0.005295,0.005410,0.047527,0.057463,0.791611,0.068462,0.489677,0.079836,0.198598,0.252521,0.117208,0.081064,0.064225,0.850003,0.057206,0.142272,0.194675,0.351044,0.255673,0.129554,0.287049,0.078936,0.840416,0.055647,0.123018,0.177955,0.215350,0.055697,0.325109,0.297375,0.199703,0.113685,0.118158,0.778729,0.118879,0.223511,0.360484,0.210574,0.349187,0.221047,0.221365,0.280101,0.469655,0.332110,0.395310,0.357826,0.294216,0.497470,0.103297,0.190683,0.236256,0.393375,0.310379,0.268619,0.059461,0.568245,0.322177,0.331519,0.294523,0.168628,0.798805,0.070374,0.081969,0.107232,0.099274,0.351690,0.407568,0.581506,0.397839,0.384554,0.126214,0.086123,0.104457,0.177859,0.478043,0.155665,0.409518,0.355869,0.353779,0.145212,0.089818,0.083332,0.540032,0.030689,4.930104,0.966735,1.032512,1.068041,0.767301,0.481028
88,2030,0.796860,0.826791,0.833170,68268.902758,79,51,2690.663827,200.327654,0.281332,50.839712,0.503847,3.903660,3.789829,3.896272,54.453103,52.253768,-43.639277,233.586832,0.882205,11402786.591365,30.878788,67,63,0.754461,9709.801129,79.056574,51.000000,0.175271,0.000052,0.000534,0.000000,-0.000000,-0.000000,0.000000,1,2.162182,0.670908,0.709473,-0.092029,2030,68268.902758,2690.663827,200.327654,54.453103,52.253768,233.586832,9709.801129,73.023311,102.642857,6.956151,0.075790,2.722117,0.009588,0.010777,0.014989,0.018102,0.020985,0.015724,0.013979,0.014985,0.017128,0.019255,0.018955,0.027011,0.029877,0.021629,0.029378,0.024421,0.028000,0.027362,0.025035,0.025031,0.025295,0.028327,0.028510,0.039054,0.041669,0.036013,0.030267,0.023142,0.018842,0.013993,0.013106,0.015726,0.020693,0.019664,0.019068,0.022152,0.026142,0.017683,0.022291,0.021380,0.020707,0.015063,0.011291,0.010134,0.010186,0.012267,0.010917,0.012852,0.010946,3.755191,4.191250,1.576636,0.479443,0.230098,0.140719,0.124813,0.088709,0.071489,0.059326,0.049718,0.041775,0.030245,0.025252,0.026995,0.023830,0.022783,0.018461,0.017617,0.015904,0.013299,0.010907,0.010135,0.010886,0.010837,0.009994,0.009232,0.009462,0.009423,0.008071,0.007723,0.007350,0.007435,0.007593,0.007508,0.007327,0.007654,0.007184,0.006640,0.006158,0.006621,0.006830,0.006032,0.005896,0.006684,0.006815,0.006543,0.006220,0.006383,0.006131,0.099997,0.070890,0.723867,0.113991,0.504256,0.077274,0.207493,0.308574,0.222441,0.105049,0.102990,0.763033,0.136093,0.199573,0.267711,0.328654,0.330530,0.221028,0.258825,0.122640,0.801458,0.113780,0.158717,0.279444,0.245038,0.116850,0.292763,0.313836,0.243627,0.317580,0.113745,0.669937,0.149442,0.287954,0.266961,0.320970,0.299242,0.220133,0.417225,0.429331,0.329511,0.286584,0.290382,0.347995,0.327814,0.372937,0.090258,0.307408,0.516129,0.324520,0.285999,0.186081,0.256357,0.452136,0.252899,0.388622,0.432156,0.112400,0.679621,0.147299,0.262361,0.148714,0.105313,0.262155,0.367753,0.644079,0.410332,0.171705,0.149850,0.275802,0.252703,0.144770,0.411586,0.092650,0.393801,0.500101,0.195657,0.120220,0.139889,0.259080,0.526692,0.037205,8.690558,0.972681,0.970840,0.998107,0.857615,0.482824
89,481,0.935146,0.941423,0.930962,8129.918189,27,24,506.586279,78.172558,0.401526,24.747287,0.742284,0.873908,0.698802,0.621221,26.004083,23.815778,59.551495,82.183766,0.821147,4485946.218224,19.120000,25,27,0.949493,2103.647277,28.017720,24.000000,0.161229,0.000200,0.000078,0.000000,0.000000,0.000000,-0.000000,1,1.934583,0.611585,0.672531,-0.448938,481,8129.918189,506.586279,78.172558,26.004083,23.815778,82.183766,2103.647277,58.716358,105.977131,6.005202,0.050350,-0.855091,0.021918,0.017301,0.021327,0.019803,0.020652,0.018095,0.016282,0.015915,0.016656,0.015272,0.012821,0.016455,0.021420,0.013567,0.022043,0.018787,0.025294,0.028580,0.028673,0.026759,0.028971,0.035049,0.032810,0.034629,0.026159,0.027240,0.034301,0.029013,0.027345,0.019019,0.016104,0.015389,0.013675,0.013599,0.012032,0.013706,0.017956,0.012675,0.018315,0.017897,0.022614,0.025076,0.022280,0.022362,0.020786,0.020085,0.016838,0.015906,0.012467,0.672583,1.443046,1.715120,1.165910,0.552183,0.137840,0.133868,0.128430,0.082703,0.040053,0.044879,0.047116,0.035033,0.019191,0.020932,0.023800,0.019993,0.013168,0.013104,0.015135,0.013995,0.009765,0.009070,0.010981,0.011270,0.009358,0.008083,0.007302,0.007266,0.006757,0.006111,0.005888,0.006303,0.005967,0.004947,0.004562,0.005218,0.005184,0.004566,0.004458,0.004679,0.004718,0.004300,0.004295,0.004411,0.004305,0.003912,0.003933,0.004220,0.004652,0.037332,0.041917,0.826797,0.075854,0.509486,0.050797,0.061777,0.181859,0.091950,0.032962,0.035718,0.934697,0.043024,0.072488,0.160565,0.209026,0.198870,0.088597,0.269922,0.067119,0.880811,0.043031,0.080129,0.148778,0.185486,0.062223,0.279505,0.224044,0.194717,0.074486,0.062497,0.868702,0.061320,0.109721,0.291598,0.216704,0.282518,0.274752,0.251187,0.296481,0.333915,0.368213,0.459532,0.410673,0.258441,0.542073,0.093817,0.228114,0.277579,0.314275,0.325201,0.353368,0.129502,0.471276,0.239109,0.293019,0.121283,0.092385,0.895993,0.050128,0.071764,0.079075,0.130382,0.342110,0.473328,0.563457,0.397318,0.334185,0.132914,0.125722,0.085706,0.176277,0.548514,0.123303,0.407677,0.322302,0.272997,0.135140,0.100197,0.093632,0.549772,0.071215,5.852737,1.124884,0.799628,0.710854,0.951192,0.708148
90,2221,0.973423,0.969820,0.975225,80101.056989,55,53,2292.743262,168.486524,0.282557,53.177674,0.761921,0.912069,0.765437,0.691240,54.359163,52.144055,53.541288,176.852814,0.918823,8768156.999466,41.886792,53,57,0.968709,9720.196177,57.382755,53.000000,0.159595,0.000044,0.000004,0.000000,0.000000,0.000000,0.000000,1,1.939273,0.630600,0.702608,-0.502999,2221,80101.056989,2292.743262,168.486524,54.359163,52.144055,176.852814,9720.196177,61.146473,97.426385,6.783207,0.054373,2.233715,0.011141,0.016886,0.021125,0.021079,0.021457,0.020125,0.021573,0.020373,0.023295,0.022726,0.017851,0.022001,0.022919,0.012787,0.021068,0.018124,0.022067,0.020209,0.019607,0.026146,0.027507,0.030308,0.028980,0.033756,0.027742,0.021443,0.019502,0.016744,0.016457,0.015283,0.015479,0.016957,0.021555,0.023893,0.020236,0.021603,0.023084,0.018973,0.025225,0.017857,0.021236,0.020834,0.020222,0.019931,0.020668,0.021277,0.015906,0.014729,0.011195,5.784996,6.358409,2.220456,0.651367,0.277538,0.181130,0.129231,0.105642,0.066972,0.056986,0.044679,0.042260,0.033764,0.026124,0.023833,0.021322,0.020669,0.015875,0.015457,0.012949,0.014408,0.011123,0.011682,0.009682,0.010231,0.008046,0.008915,0.007218,0.007909,0.006415,0.006832,0.005965,0.006324,0.005880,0.005827,0.005268,0.005960,0.005653,0.005041,0.004777,0.004966,0.004990,0.004600,0.004521,0.004524,0.004638,0.004328,0.004814,0.004133,0.004483,0.036651,0.054279,0.759808,0.108725,0.464405,0.057600,0.205872,0.335732,0.180255,0.054053,0.113464,0.794332,0.091265,0.098659,0.238246,0.370609,0.339052,0.161582,0.305906,0.150908,0.794527,0.072814,0.103611,0.278651,0.272314,0.084601,0.278169,0.267109,0.108059,0.317038,0.138251,0.699785,0.084722,0.226376,0.415911,0.276122,0.285536,0.292123,0.346327,0.238687,0.348847,0.344840,0.399685,0.440470,0.248694,0.460523,0.319802,0.158325,0.230932,0.392251,0.404031,0.334842,0.159395,0.390664,0.319243,0.404158,0.330409,0.142290,0.736948,0.111608,0.163338,0.123846,0.088065,0.314047,0.488387,0.544339,0.366386,0.286690,0.124816,0.262193,0.233730,0.105650,0.411141,0.246317,0.423909,0.391131,0.328304,0.102078,0.244627,0.258178,0.439210,0.071011,12.558466,1.107340,0.839232,0.757881,0.952693,0.734856
91,10626,0.963671,0.960753,0.969129,837232.740486,124,121,11538.620028,382.240056,0.263972,116.316136,0.708211,1.987926,1.920550,1.570792,118.656353,114.447646,-21.107737,430.303607,0.946286,37032978.768543,85.685484,124,122,0.920907,49040.279368,126.903918,119.020596,0.811738,0.507132,0.161746,0.148502,0.023015,0.105715,0.000115,2,1.914742,0.632732,0.699053,-0.478967,15961,1001736.809747,18576.450508,708.901017,226.166087,184.895416,838.985894,66174.072266,79.589166,86.301986,7.127839,0.088768,4.774226,0.011678,0.017359,0.020074,0.014548,0.014717,0.012613,0.014816,0.011974,0.017486,0.020558,0.021242,0.016539,0.022348,0.018678,0.020482,0.019228,0.021276,0.021051,0.020347,0.021723,0.020437,0.019640,0.021529,0.028120,0.023576,0.022660,0.029682,0.025659,0.035026,0.028344,0.022844,0.019474,0.020566,0.023894,0.018754,0.021986,0.019041,0.015613,0.021015,0.017355,0.021545,0.019752,0.018897,0.021347,0.023586,0.028507,0.025508,0.022162,0.016424,15.670670,1.822535,0.666483,0.379200,0.271645,0.166910,0.111422,0.082884,0.072091,0.052853,0.045987,0.037386,0.032799,0.029074,0.026166,0.022547,0.021307,0.018516,0.016739,0.014109,0.014215,0.012845,0.012087,0.011569,0.010192,0.009656,0.009238,0.008821,0.008583,0.008523,0.008416,0.007229,0.007002,0.006578,0.006792,0.006542,0.006838,0.006434,0.006045,0.005910,0.005916,0.005783,0.005731,0.005731,0.005784,0.006010,0.005806,0.005921,0.005425,0.005612,0.144691,0.190613,0.671317,0.174512,0.511106,0.169762,0.327840,0.210317,0.140888,0.250528,0.290628,0.729734,0.196991,0.184117,0.193266,0.348343,0.234178,0.184445,0.347218,0.285549,0.646828,0.189447,0.190999,0.261640,0.356303,0.192464,0.273302,0.215975,0.181269,0.195955,0.205290,0.636403,0.327122,0.392660,0.320068,0.267041,0.259681,0.347068,0.266230,0.296984,0.425750,0.474384,0.407913,0.208535,0.191960,0.484998,0.347403,0.337772,0.265796,0.297099,0.295324,0.246889,0.215349,0.420163,0.287822,0.265651,0.324535,0.315791,0.611115,0.288935,0.232305,0.262321,0.248633,0.206939,0.222050,0.331781,0.469369,0.450421,0.443555,0.293006,0.231108,0.196468,0.483012,0.272743,0.262943,0.271699,0.275098,0.283752,0.268621,0.270019,0.498085,0.057388,24.694192,1.222663,0.966107,0.790166,0.844950,0.702340
92,400,0.861461,0.785894,0.881612,6555.980269,27,24,501.209241,80.418482,0.593761,22.567583,0.617284,1.407798,1.762397,1.216419,26.030210,20.944983,-35.835581,86.911688,0.778630,4596546.156192,16.541667,24,26,0.798070,1943.008025,29.546567,24.000000,0.173980,0.001386,0.000455,0.000023,-0.000000,-0.000001,-0.000000,1,1.955832,0.640254,0.692165,-0.329825,400,6555.980269,501.209241,80.418482,26.030210,20.944983,86.911688,1943.008025,58.684333,93.845000,5.767820,0.050298,-0.522066,0.028150,0.005520,0.009061,0.009676,0.013601,0.013142,0.015605,0.022403,0.031827,0.037583,0.035322,0.042792,0.044861,0.027835,0.041896,0.031698,0.038622,0.037951,0.031458,0.027580,0.025458,0.025747,0.023037,0.026643,0.022943,0.021083,0.025770,0.024469,0.023899,0.021850,0.022558,0.022314,0.023345,0.021650,0.018153,0.019045,0.019756,0.013241,0.015069,0.011902,0.009525,0.007686,0.006107,0.005456,0.005557,0.005799,0.004862,0.004782,0.003863,0.467956,1.015185,1.255516,0.936474,0.546609,0.182687,0.101752,0.073942,0.063509,0.049523,0.046885,0.037949,0.027452,0.020058,0.025895,0.028235,0.021876,0.012730,0.012001,0.016169,0.017763,0.012951,0.009908,0.009633,0.009400,0.008516,0.009202,0.009343,0.008188,0.006623,0.007120,0.008557,0.008644,0.007102,0.005469,0.005438,0.006766,0.006916,0.005681,0.004938,0.005545,0.006692,0.006223,0.005108,0.005068,0.005744,0.005595,0.005214,0.005199,0.005435,0.044095,0.033411,0.827367,0.065710,0.501428,0.045493,0.123971,0.171613,0.098810,0.032287,0.034899,0.933164,0.034603,0.071216,0.169082,0.214394,0.182246,0.113607,0.272862,0.078513,0.884279,0.042326,0.082086,0.167920,0.140650,0.052204,0.279636,0.227436,0.188638,0.109873,0.059481,0.860026,0.062994,0.176375,0.268412,0.224295,0.281784,0.254449,0.295983,0.294301,0.336364,0.384616,0.432165,0.364411,0.317799,0.474561,0.083519,0.186030,0.259256,0.311496,0.329518,0.240816,0.085977,0.628487,0.234006,0.269122,0.191355,0.089964,0.894790,0.065333,0.069261,0.067115,0.117822,0.377701,0.437454,0.563097,0.413548,0.337065,0.136183,0.104207,0.071032,0.172643,0.670589,0.113806,0.275488,0.316306,0.289701,0.111115,0.096742,0.080864,0.499240,0.052955,4.602373,1.448841,1.251882,0.864058,0.925290,0.636218
93,2589,0.918888,0.639629,0.922750,134545.250375,88,44,2747.251025,205.502051,0.848075,57.414434,0.668647,2.230263,10.012966,2.235966,79.496081,42.123137,-89.715510,220.994949,0.911918,11281878.575965,58.840909,44,88,0.942397,15644.735770,88.141079,44.000000,0.195318,0.012030,0.000221,0.000050,0.000000,0.000005,-0.000000,1,2.317097,0.666246,0.693634,0.050245,2589,134545.250375,2747.251025,205.502051,79.496081,42.123137,220.994949,15644.735770,67.398983,113.893395,7.141911,0.065298,0.817986,0.008083,0.006077,0.008760,0.007173,0.007224,0.005937,0.006115,0.006236,0.006693,0.007157,0.006699,0.007658,0.009833,0.007765,0.012800,0.015643,0.036387,0.061173,0.060950,0.050504,0.052121,0.049174,0.039493,0.039474,0.032824,0.033326,0.042982,0.045594,0.049246,0.041974,0.048770,0.034282,0.025212,0.018999,0.013663,0.010076,0.008820,0.006232,0.006946,0.006015,0.007070,0.007454,0.007241,0.007757,0.008233,0.008262,0.007454,0.006292,0.004233,5.115960,5.154131,2.151018,0.676087,0.283728,0.155586,0.137985,0.106115,0.070669,0.057058,0.049213,0.042754,0.034476,0.027481,0.024319,0.021767,0.020221,0.015815,0.013409,0.012356,0.012868,0.010019,0.009460,0.009631,0.009094,0.008476,0.007627,0.007568,0.007716,0.007709,0.006796,0.006205,0.006230,0.006376,0.006168,0.005288,0.005689,0.005252,0.005037,0.004802,0.004471,0.004960,0.004221,0.004477,0.004486,0.004179,0.004383,0.004675,0.004356,0.004255,0.033800,0.091855,0.797956,0.079547,0.354171,0.041461,0.317492,0.334499,0.086665,0.039734,0.127067,0.775358,0.055442,0.059229,0.147129,0.524936,0.277385,0.019118,0.220156,0.174146,0.810778,0.060707,0.090278,0.217223,0.383965,0.063377,0.231031,0.105576,0.297705,0.513145,0.066495,0.415684,0.065309,0.466503,0.465446,0.145465,0.054522,0.263580,0.535803,0.179067,0.070715,0.202257,0.651862,0.367946,0.046741,0.264630,0.219961,0.370324,0.316661,0.151075,0.343655,0.602949,0.149476,0.342577,0.122736,0.473827,0.582183,0.051868,0.464714,0.094228,0.382063,0.201987,0.084778,0.053793,0.371200,0.776081,0.206561,0.040517,0.094974,0.393658,0.208834,0.071464,0.271321,0.134795,0.665352,0.376520,0.100928,0.143552,0.327371,0.207180,0.377974,0.053011,11.715200,4.478139,4.489590,1.002557,0.929895,0.668647
94,331,0.605422,0.662651,0.629518,4150.174795,30,25,551.664581,83.329162,0.291550,20.529060,0.441333,2.890395,2.039306,1.944332,24.330383,23.273365,19.493022,104.154329,0.673455,5385588.749016,11.066667,30,26,0.600002,1783.469351,30.413043,25.000000,0.213405,0.000090,0.001643,0.000464,0.000000,0.000002,-0.000000,1,2.056483,0.686610,0.709249,-0.159950,331,4150.174795,551.664581,83.329162,24.330383,23.273365,104.154329,1783.469351,64.481239,90.335347,5.792396,0.060099,0.184655,0.030312,0.010233,0.015129,0.015223,0.019552,0.019207,0.019501,0.019976,0.018258,0.015274,0.015015,0.016521,0.014897,0.009576,0.017836,0.017321,0.023499,0.028412,0.030279,0.033787,0.037052,0.043525,0.040272,0.041052,0.028992,0.025349,0.031777,0.028908,0.030626,0.027538,0.029328,0.032978,0.035450,0.030808,0.025526,0.020036,0.016362,0.009732,0.009893,0.007023,0.007781,0.008256,0.008074,0.008241,0.009851,0.012189,0.012238,0.011968,0.009679,0.271371,0.593728,0.744441,0.567023,0.349696,0.142512,0.095238,0.073064,0.060572,0.048911,0.054797,0.052674,0.043545,0.027860,0.024896,0.024434,0.024290,0.018395,0.014413,0.012668,0.013355,0.014345,0.013880,0.011776,0.011185,0.012452,0.012641,0.009606,0.007501,0.006983,0.007690,0.007969,0.007841,0.007966,0.008456,0.008482,0.009410,0.009193,0.007321,0.005482,0.005431,0.006397,0.006669,0.006141,0.005365,0.005737,0.006751,0.007335,0.007087,0.006966,0.036772,0.040219,0.832295,0.069792,0.506612,0.046348,0.070796,0.161037,0.098458,0.033089,0.036770,0.937497,0.036256,0.079225,0.147864,0.207153,0.190131,0.100660,0.238527,0.072682,0.888586,0.046517,0.085437,0.144661,0.187813,0.069024,0.278939,0.207747,0.200896,0.070215,0.059485,0.881743,0.069890,0.103336,0.264491,0.212182,0.268395,0.296393,0.272384,0.273976,0.345261,0.387009,0.417681,0.415459,0.273514,0.485014,0.097440,0.239231,0.257186,0.305128,0.324891,0.323073,0.121894,0.560352,0.229614,0.262119,0.142051,0.082693,0.907136,0.075814,0.069094,0.078681,0.109285,0.335445,0.488855,0.571921,0.381001,0.321434,0.163881,0.084581,0.093217,0.173827,0.483632,0.158265,0.398844,0.309461,0.263552,0.159919,0.084507,0.091091,0.612970,0.030512,3.177976,1.048846,0.705546,0.672687,0.800055,0.425641
95,2991,0.945169,0.787362,0.954865,144974.421687,55,74,3109.181180,201.362359,0.697158,61.711097,0.734889,1.220785,5.929335,1.236892,73.087967,52.398031,-9.419980,212.894444,0.927361,10519509.304285,55.388889,54,76,0.961990,14490.662066,75.927553,53.211921,0.168938,0.002941,0.000034,0.000002,0.000000,0.000000,0.000000,1,2.071154,0.635613,0.701209,-0.350970,2991,144974.421687,3109.181180,201.362359,73.087967,52.398031,212.894444,14490.662066,68.738440,92.685724,7.170632,0.067742,3.702208,0.008461,0.020627,0.029109,0.032195,0.047536,0.051058,0.047518,0.040011,0.031303,0.022564,0.014051,0.022743,0.024015,0.013324,0.020077,0.021295,0.029166,0.026114,0.020415,0.019761,0.017202,0.016184,0.013842,0.014700,0.012738,0.013531,0.014494,0.011668,0.011416,0.009890,0.009316,0.009667,0.013211,0.017286,0.020229,0.026573,0.028258,0.014940,0.023405,0.018770,0.014801,0.010760,0.010003,0.012872,0.016479,0.022046,0.020995,0.024395,0.017448,8.217556,6.267315,1.474946,0.490699,0.271336,0.189755,0.124622,0.095790,0.064281,0.060016,0.044959,0.037967,0.031927,0.027356,0.024086,0.021577,0.018393,0.016661,0.015279,0.013780,0.012490,0.011510,0.010379,0.010113,0.008845,0.008735,0.007878,0.007445,0.007529,0.006631,0.006762,0.006091,0.006285,0.005458,0.005800,0.004952,0.005480,0.004952,0.004916,0.004859,0.004992,0.004669,0.004569,0.004501,0.004920,0.004404,0.004252,0.004410,0.004298,0.004521,0.103047,0.121064,0.674655,0.094146,0.519587,0.085774,0.194087,0.321782,0.303578,0.119094,0.152092,0.696833,0.100851,0.277354,0.289876,0.368066,0.301520,0.282128,0.369436,0.139124,0.682348,0.095205,0.312030,0.317267,0.282357,0.080332,0.292060,0.333690,0.303723,0.227715,0.172413,0.695799,0.128651,0.184758,0.130389,0.403731,0.341295,0.346203,0.310715,0.372131,0.495866,0.231180,0.211808,0.150167,0.402362,0.504239,0.187213,0.210522,0.351370,0.540740,0.231318,0.133852,0.129397,0.402920,0.303881,0.394754,0.249231,0.175407,0.760754,0.174820,0.161622,0.107666,0.109174,0.355123,0.475842,0.459720,0.453315,0.296893,0.171263,0.220076,0.180596,0.179163,0.450739,0.216821,0.374933,0.420891,0.267974,0.101872,0.234051,0.203321,0.503776,0.065991,14.049216,4.793738,4.856986,1.013194,0.945832,0.728801
96,450,0.892617,0.899329,0.912752,7055.362601,28,24,511.538414,79.076829,0.155507,23.936537,0.669643,1.573294,1.428012,1.080591,24.583273,24.284212,-3.338468,86.047727,0.787064,5266848.462112,15.964286,28,24,0.879699,1931.176055,28.459679,24.000000,0.165473,0.000004,0.000112,0.000009,-0.000000,-0.000000,-0.000000,1,2.001634,0.623990,0.680083,-0.412087,450,7055.362601,511.538414,79.076829,24.583273,24.284212,86.047727,1931.176055,55.253529,98.757778,5.871891,0.044845,-0.676706,0.022360,0.011302,0.016743,0.015838,0.017889,0.014654,0.013093,0.013643,0.014758,0.014044,0.011669,0.016719,0.023526,0.015477,0.025695,0.022303,0.030030,0.034116,0.031339,0.029953,0.031527,0.041560,0.038448,0.042916,0.027729,0.025770,0.038643,0.033257,0.034241,0.026310,0.024732,0.023525,0.023376,0.022450,0.018402,0.017650,0.014934,0.008897,0.009444,0.009606,0.011191,0.010957,0.010861,0.012520,0.014508,0.015857,0.015005,0.013184,0.009709,0.475557,1.096097,1.346837,0.960949,0.580509,0.207351,0.074705,0.089767,0.095818,0.058666,0.033918,0.031556,0.036521,0.026843,0.021005,0.020179,0.019928,0.014972,0.011083,0.011185,0.012407,0.010843,0.009576,0.009210,0.009330,0.008492,0.007761,0.007123,0.006791,0.006072,0.005774,0.005424,0.004967,0.004802,0.004822,0.004735,0.005249,0.005842,0.005757,0.004979,0.004510,0.004713,0.004379,0.003729,0.003723,0.004429,0.004508,0.004446,0.004578,0.004760,0.035688,0.036404,0.862082,0.055908,0.443060,0.037873,0.089032,0.179914,0.114259,0.029479,0.022522,0.936243,0.032130,0.084096,0.158865,0.202323,0.188874,0.110087,0.278444,0.062488,0.902062,0.043877,0.079078,0.164551,0.154949,0.050163,0.207520,0.240496,0.238195,0.086013,0.054892,0.860089,0.049765,0.109194,0.258010,0.232998,0.316413,0.302210,0.295823,0.344705,0.363835,0.380316,0.325220,0.353796,0.307014,0.634622,0.067081,0.229593,0.301785,0.308727,0.330802,0.229876,0.081797,0.429753,0.237686,0.347313,0.157012,0.074856,0.880209,0.067235,0.054538,0.059812,0.082332,0.344127,0.503294,0.597023,0.418632,0.253367,0.098226,0.081607,0.066031,0.108222,0.488679,0.100848,0.403022,0.360128,0.217676,0.108612,0.106874,0.071746,0.618991,0.060776,5.229656,1.321509,0.907657,0.686834,0.918988,0.665179
97,2975,0.904234,0.496304,0.936156,195320.931055,113,40,3292.464726,246.929452,0.924100,61.545817,0.658186,2.535645,15.537344,1.474734,100.590630,38.440852,88.425618,271.415260,0.905074,13979421.766578,72.585366,41,113,0.903578,23757.524220,113.017694,40.000000,0.243535,0.032931,0.000134,0.000009,-0.000000,-0.000002,-0.000000,1,2.434138,0.730087,0.685603,0.323835,2975,195320.931055,3292.464726,246.929452,100.590630,38.440852,271.415260,23757.524220,63.296981,116.154622,6.864546,0.058039,0.491813,0.009775,0.004012,0.005037,0.005096,0.005573,0.005008,0.005121,0.004968,0.007032,0.009137,0.009121,0.009148,0.009731,0.005655,0.009392,0.011920,0.022108,0.030224,0.038899,0.048121,0.042232,0.054989,0.063255,0.068822,0.055725,0.051561,0.055345,0.045618,0.056778,0.046632,0.039899,0.037472,0.022049,0.013201,0.010070,0.012098,0.013852,0.007761,0.008105,0.006558,0.006803,0.005886,0.004883,0.005001,0.004455,0.004311,0.003643,0.004108,0.003585,4.952312,4.228262,1.989018,0.590560,0.276414,0.182594,0.136612,0.085595,0.066169,0.064899,0.053492,0.034464,0.032889,0.027971,0.026209,0.019937,0.019561,0.017363,0.013196,0.012938,0.013657,0.011200,0.009540,0.008865,0.008983,0.008008,0.008504,0.007439,0.006455,0.006999,0.006823,0.006463,0.006380,0.005996,0.006061,0.005429,0.004982,0.005825,0.005073,0.004347,0.004520,0.005282,0.005130,0.004531,0.004561,0.004304,0.004065,0.004567,0.004570,0.004756,0.055789,0.098177,0.835739,0.102603,0.319299,0.047511,0.262656,0.312635,0.085577,0.058658,0.131059,0.834422,0.094099,0.068263,0.103966,0.445818,0.237364,0.060862,0.163315,0.126835,0.856704,0.082448,0.074263,0.125982,0.396984,0.077443,0.177542,0.131643,0.488646,0.397025,0.110813,0.469307,0.099171,0.364759,0.444487,0.115254,0.095150,0.402932,0.569644,0.236686,0.106556,0.203195,0.482426,0.392707,0.092089,0.236034,0.216621,0.563002,0.294602,0.139885,0.279254,0.508303,0.216866,0.301076,0.133855,0.636950,0.318766,0.072375,0.562548,0.135290,0.318946,0.168295,0.068646,0.093878,0.521973,0.619223,0.247047,0.100879,0.174268,0.384543,0.282389,0.078087,0.310266,0.177859,0.606679,0.360323,0.145936,0.218494,0.267972,0.282006,0.392217,0.040385,10.961064,10.535692,6.127571,0.581601,0.909785,0.642348
98,11118,0.935577,0.906424,0.909304,929984.729291,156,118,13642.112780,438.225560,0.493548,118.978474,0.603977,5.317658,7.003242,5.352409,129.298510,112.453309,57.582116,516.374675,0.954314,23618248.862065,86.155039,129,164,0.814976,68138.459322,165.059659,113.262100,0.165054,0.000524,0.000022,0.000003,0.000000,0.000000,0.000000,1,2.046153,0.669160,0.728102,-0.285617,11118,929984.729291,13642.112780,438.225560,129.298510,112.453309,516.374675,68138.459322,60.435460,52.630239,6.559015,0.053183,5.346099,0.016213,0.014118,0.018842,0.015417,0.014378,0.011899,0.013686,0.015236,0.016417,0.018190,0.013649,0.014528,0.019111,0.013023,0.020481,0.020923,0.024650,0.018044,0.022121,0.025053,0.025672,0.033598,0.036861,0.041671,0.034213,0.025157,0.034631,0.044527,0.060607,0.040741,0.026756,0.016229,0.013480,0.012305,0.009826,0.008829,0.010471,0.007790,0.010648,0.009687,0.011019,0.011020,0.012690,0.020395,0.031982,0.031956,0.019799,0.015420,0.012255,23.969318,3.417553,0.988844,0.291721,0.228178,0.158115,0.112050,0.079581,0.069037,0.056727,0.045844,0.035270,0.038433,0.027930,0.024953,0.022804,0.021110,0.018860,0.015499,0.015551,0.015062,0.012883,0.011637,0.011376,0.010013,0.009262,0.008871,0.008117,0.008642,0.008756,0.008946,0.008197,0.008069,0.008461,0.007389,0.007373,0.007704,0.007012,0.006929,0.006348,0.005911,0.006278,0.005721,0.005771,0.005882,0.005909,0.005865,0.006715,0.006819,0.006677,0.188093,0.093926,0.623076,0.087237,0.462858,0.083776,0.257310,0.493052,0.171465,0.051048,0.115134,0.611555,0.089589,0.077740,0.143628,0.644265,0.391622,0.083633,0.244466,0.129359,0.618333,0.115986,0.255597,0.232098,0.584315,0.087923,0.243638,0.588762,0.143455,0.125125,0.098900,0.622960,0.113017,0.147681,0.326794,0.279079,0.433937,0.227688,0.289240,0.286737,0.263935,0.298475,0.393646,0.475687,0.232362,0.322592,0.096013,0.150977,0.280926,0.676659,0.327749,0.258770,0.129626,0.368714,0.473764,0.413931,0.388089,0.115075,0.596582,0.104707,0.122547,0.104537,0.218020,0.248489,0.540397,0.736143,0.157817,0.098520,0.113775,0.166058,0.114627,0.126669,0.306020,0.275644,0.563959,0.360993,0.449253,0.203308,0.160431,0.124204,0.312535,0.041696,21.530878,1.308428,1.316979,1.006535,0.848658,0.525336
99,13081,0.925660,0.928031,0.928795,1125820.357942,163,143,17196.912099,479.824199,0.238629,129.055207,0.561200,4.245936,4.236220,4.827723,132.821010,128.983911,34.778373,695.044769,0.948857,30369021.995780,92.730496,141,164,0.760660,82011.303080,175.635861,139.802819,0.163766,0.000023,0.000016,0.000005,0.000000,0.000000,0.000000,1,1.987304,0.664507,0.731004,-0.375451,13081,1125820.357942,17196.912099,479.824199,132.821010,128.983911,695.044769,82011.303080,73.077054,59.208165,6.634574,0.075893,8.620323,0.015350,0.011615,0.014327,0.014483,0.019788,0.019863,0.020508,0.016845,0.016934,0.017311,0.018456,0.026427,0.026749,0.025149,0.032731,0.031609,0.035161,0.040186,0.029675,0.025540,0.021766,0.021218,0.019668,0.016668,0.013642,0.016041,0.025364,0.028486,0.030371,0.029607,0.024517,0.020125,0.020476,0.020385,0.020880,0.023253,0.026137,0.017092,0.022013,0.015515,0.014133,0.015861,0.015258,0.013896,0.013928,0.016236,0.013903,0.011675,0.008535,22.950529,2.366877,0.694577,0.272055,0.162223,0.112235,0.107104,0.076782,0.077713,0.056812,0.053276,0.037242,0.037476,0.032359,0.030155,0.026812,0.022033,0.019403,0.018607,0.016789,0.017141,0.014084,0.012520,0.012499,0.010889,0.011417,0.012636,0.011068,0.010030,0.007843,0.008635,0.008942,0.008026,0.007780,0.007947,0.007195,0.006970,0.007010,0.006642,0.007219,0.007373,0.007104,0.006340,0.006107,0.005946,0.006547,0.006523,0.006969,0.006973,0.006873,0.121163,0.081831,0.589824,0.129237,0.401931,0.089900,0.227576,0.520169,0.349329,0.053870,0.093553,0.648439,0.104220,0.086818,0.272980,0.477574,0.486863,0.099211,0.243282,0.117393,0.623293,0.119484,0.291210,0.462046,0.383737,0.118037,0.254528,0.579014,0.174285,0.157284,0.118492,0.587568,0.133937,0.141514,0.159656,0.432316,0.121025,0.230661,0.391215,0.548146,0.335485,0.395075,0.374880,0.229084,0.130324,0.346315,0.092819,0.184719,0.440952,0.574806,0.400937,0.160515,0.087157,0.344058,0.462694,0.539097,0.379563,0.106313,0.511000,0.148318,0.185953,0.122277,0.085255,0.072325,0.488454,0.680268,0.422234,0.124701,0.153469,0.210563,0.165864,0.064680,0.259403,0.146784,0.510574,0.600194,0.261631,0.177281,0.183101,0.175219,0.355160,0.027078,18.820370,0.877478,0.997712,1.137022,0.690350,0.565430
100,422,0.787736,0.771226,0.858491,6620.382919,29,25,530.085038,80.170077,0.455751,23.179885,0.582069,1.799590,1.590797,1.330349,26.011065,23.152643,-23.406444,95.568542,0.763046,4993196.849837,15.142857,28,25,0.796099,1961.706356,29.274466,24.741237,0.179169,0.000431,0.000377,0.000065,-0.000000,-0.000001,0.000000,1,1.950088,0.630726,0.671114,-0.284536,422,6620.382919,530.085038,80.170077,26.011065,23.152643,95.568542,1961.706356,58.725761,103.163507,5.952021,0.050366,-0.992410,0.022405,0.005239,0.008246,0.010098,0.013373,0.013342,0.015617,0.019437,0.024430,0.028326,0.028792,0.037530,0.041493,0.025862,0.034649,0.024668,0.029628,0.029920,0.027378,0.027086,0.026244,0.029707,0.026413,0.027509,0.022350,0.024246,0.033112,0.032321,0.036618,0.035601,0.031567,0.027165,0.027343,0.024287,0.020355,0.019939,0.021082,0.015467,0.015161,0.010726,0.008035,0.006556,0.005280,0.004904,0.005081,0.004865,0.004514,0.004482,0.003955,0.464355,1.006743,1.224760,0.883111,0.489943,0.151115,0.111265,0.101823,0.075746,0.051165,0.049371,0.042861,0.034356,0.023666,0.023476,0.023100,0.020568,0.014913,0.011806,0.011321,0.011848,0.011215,0.011806,0.012489,0.011468,0.008946,0.009005,0.009515,0.008855,0.006950,0.006317,0.006735,0.007383,0.007230,0.006659,0.006208,0.006200,0.005940,0.005681,0.005884,0.005976,0.005695,0.004931,0.004729,0.004868,0.005090,0.005015,0.005058,0.004982,0.005044,0.051684,0.034133,0.798202,0.075862,0.533377,0.037612,0.093081,0.195760,0.142784,0.047017,0.042376,0.909071,0.042786,0.103302,0.198940,0.230501,0.212652,0.138383,0.264492,0.074933,0.858055,0.055485,0.106557,0.194973,0.176983,0.047728,0.319563,0.190512,0.266532,0.151288,0.046047,0.853571,0.036795,0.127973,0.274598,0.214327,0.224688,0.366090,0.435527,0.329972,0.257011,0.342900,0.377838,0.345046,0.267340,0.376921,0.061118,0.298207,0.319111,0.264333,0.323045,0.259525,0.057312,0.646965,0.167781,0.316946,0.177574,0.063484,0.905935,0.057566,0.065991,0.055560,0.065995,0.245137,0.536634,0.614984,0.436484,0.209929,0.085173,0.112719,0.086211,0.108350,0.438312,0.109936,0.379048,0.380464,0.192021,0.078702,0.105031,0.090695,0.667112,0.046204,4.415679,1.195774,0.883978,0.739251,0.838875,0.605714
101,12073,0.964523,0.962202,0.964523,1004930.825435,132,127,13493.756454,413.512907,0.205720,123.983148,0.720174,1.905701,1.869196,1.692887,125.581754,122.895678,-51.279371,485.694480,0.961824,21187298.262761,92.091603,131,131,0.894710,58082.894934,140.524544,126.748138,0.159817,0.000012,0.000008,0.000000,-0.000000,0.000000,-0.000000,1,1.950430,0.637395,0.704646,-0.498237,12073,1004930.825435,13493.756454,413.512907,125.581754,122.895678,485.694480,58082.894934,69.946479,56.090036,6.717738,0.069975,7.577076,0.016714,0.016464,0.025299,0.026269,0.029919,0.027011,0.023929,0.019388,0.018281,0.022559,0.018376,0.020142,0.021367,0.012922,0.024766,0.021964,0.025705,0.026468,0.020359,0.021053,0.027970,0.028292,0.024701,0.024662,0.020305,0.020664,0.024510,0.026882,0.027895,0.023069,0.018248,0.015247,0.014951,0.017915,0.017572,0.022111,0.023157,0.018559,0.025956,0.017020,0.014712,0.014343,0.014115,0.014033,0.015015,0.018269,0.017573,0.017200,0.012812,28.672822,3.253801,0.786411,0.375085,0.246838,0.144206,0.114009,0.086680,0.069395,0.055066,0.045026,0.037202,0.034677,0.031196,0.025188,0.022749,0.020077,0.018397,0.017554,0.015294,0.014477,0.012902,0.012813,0.012145,0.011733,0.010102,0.010058,0.008749,0.008801,0.008297,0.008006,0.008173,0.007882,0.007254,0.007469,0.006990,0.006772,0.006693,0.006525,0.006132,0.006867,0.006367,0.006592,0.006114,0.006364,0.006100,0.006360,0.006342,0.006191,0.006123,0.084531,0.080431,0.594316,0.126416,0.473378,0.077819,0.246868,0.446759,0.355686,0.047533,0.127351,0.627770,0.088866,0.108385,0.307626,0.541700,0.388716,0.169142,0.324725,0.170018,0.588721,0.078943,0.295595,0.428846,0.401537,0.077976,0.272444,0.374764,0.216037,0.119140,0.112055,0.623701,0.105029,0.123104,0.207464,0.572624,0.099209,0.185742,0.246048,0.548050,0.307082,0.524476,0.247483,0.231534,0.332457,0.382113,0.093901,0.115691,0.410279,0.577527,0.407467,0.118581,0.095792,0.375040,0.326836,0.613823,0.272929,0.098127,0.586657,0.141475,0.146918,0.092134,0.195000,0.084465,0.534009,0.630547,0.470610,0.114954,0.111902,0.176306,0.165817,0.065727,0.343307,0.089914,0.445657,0.597939,0.314633,0.116679,0.135763,0.189695,0.388446,0.051179,24.857190,1.104147,0.980844,0.888327,0.851385,0.702989
102,514,0.916342,0.912451,0.937743,9291.652972,30,24,551.376258,82.752516,0.459491,25.582125,0.713889,1.644606,1.015385,0.790838,27.296865,24.244594,85.515510,85.769553,0.823597,4663559.446147,21.416667,24,30,0.932213,2415.756620,30.675720,24.000000,0.161761,0.000365,0.000022,0.000001,0.000000,0.000000,0.000000,1,1.952424,0.611662,0.665675,-0.405516,514,9291.652972,551.376258,82.752516,27.296865,24.244594,85.769553,2415.756620,55.269816,105.605058,5.947869,0.044870,-1.016382,0.022423,0.011634,0.014806,0.015470,0.017206,0.016133,0.014827,0.014571,0.015186,0.016002,0.015310,0.020013,0.026621,0.017545,0.026609,0.024187,0.030530,0.031889,0.031682,0.029976,0.033663,0.040305,0.034813,0.035419,0.025735,0.023194,0.029843,0.028313,0.027519,0.020841,0.018461,0.019266,0.019486,0.020201,0.017490,0.019960,0.024079,0.017772,0.022538,0.019523,0.021162,0.017623,0.012108,0.010710,0.010264,0.010990,0.010130,0.009661,0.008733,0.729756,1.536174,1.767638,1.155957,0.530604,0.135898,0.130919,0.119128,0.079090,0.044532,0.047162,0.044619,0.034463,0.023082,0.023312,0.022095,0.019054,0.014900,0.013832,0.013689,0.012716,0.010067,0.009623,0.010015,0.009680,0.008211,0.007776,0.007661,0.007644,0.006817,0.006374,0.006355,0.006924,0.007105,0.006123,0.005182,0.005683,0.006034,0.005521,0.004761,0.004607,0.005459,0.005578,0.004657,0.004227,0.004760,0.005029,0.004675,0.004467,0.005110,0.037186,0.037086,0.827596,0.068410,0.501251,0.045724,0.071822,0.200708,0.094126,0.034330,0.039902,0.926338,0.040829,0.061479,0.164282,0.220382,0.223930,0.089318,0.255702,0.078935,0.895477,0.047008,0.065284,0.164524,0.200638,0.077031,0.216277,0.230201,0.204109,0.077622,0.060957,0.855995,0.067399,0.106089,0.321968,0.208361,0.274066,0.292430,0.245179,0.308287,0.301852,0.365778,0.446870,0.447466,0.243694,0.410038,0.123933,0.238467,0.300747,0.294253,0.365249,0.381872,0.137483,0.533357,0.262436,0.290214,0.117671,0.079239,0.891329,0.078878,0.062380,0.052146,0.139554,0.355501,0.522429,0.490314,0.423669,0.328166,0.157242,0.098553,0.086760,0.176411,0.510561,0.172211,0.374675,0.342173,0.274191,0.139692,0.097095,0.098244,0.581746,0.069871,5.992803,1.283936,0.617403,0.480868,0.964824,0.713889
103,433,0.800000,0.806897,0.813793,7046.068723,29,25,518.103006,80.206012,0.479197,23.480049,0.597241,1.927460,1.623935,1.897024,26.086701,22.896493,-29.581185,88.704581,0.783420,4809712.994584,17.400000,25,27,0.835741,2054.775584,29.832029,24.748737,0.173496,0.000506,0.000485,0.000026,-0.000000,-0.000000,-0.000000,1,1.992343,0.626660,0.662535,-0.309803,433,7046.068723,518.103006,80.206012,26.086701,22.896493,88.704581,2054.775584,59.841342,101.258661,5.874853,0.052196,-0.819200,0.025842,0.010220,0.016162,0.015745,0.017424,0.013391,0.013453,0.017040,0.019281,0.020833,0.020634,0.029516,0.038678,0.027010,0.035448,0.026841,0.030576,0.029384,0.025685,0.024845,0.026894,0.030049,0.026814,0.027795,0.022256,0.024795,0.031970,0.029265,0.032651,0.029910,0.026668,0.024934,0.025468,0.023435,0.018218,0.020089,0.020120,0.013340,0.015671,0.012609,0.011450,0.010030,0.008629,0.008775,0.009465,0.010193,0.009084,0.009193,0.008065,0.515795,1.113689,1.345298,0.959801,0.514379,0.148461,0.109896,0.107978,0.084538,0.051354,0.043527,0.040010,0.036004,0.025714,0.023202,0.022491,0.020586,0.014389,0.011389,0.012558,0.013949,0.011389,0.010104,0.010782,0.011718,0.010428,0.008786,0.008234,0.008781,0.007973,0.006403,0.005885,0.006662,0.006506,0.004952,0.004440,0.005436,0.005502,0.004622,0.004439,0.005153,0.005524,0.004891,0.004820,0.005569,0.005910,0.005080,0.004337,0.004538,0.005055,0.033805,0.041853,0.827534,0.072916,0.507779,0.044091,0.108654,0.168670,0.083280,0.032693,0.042816,0.940939,0.042918,0.061806,0.138750,0.217093,0.181831,0.081390,0.280305,0.084095,0.885393,0.055693,0.069500,0.138148,0.163656,0.053706,0.271570,0.185900,0.194004,0.081433,0.055724,0.867186,0.048952,0.179182,0.285690,0.223450,0.247305,0.269534,0.199404,0.270985,0.339600,0.365805,0.500392,0.411503,0.290039,0.480162,0.095209,0.146631,0.267739,0.321763,0.321221,0.300495,0.090315,0.601683,0.213734,0.331356,0.138897,0.067561,0.887310,0.042890,0.073172,0.063645,0.148652,0.315469,0.531690,0.475990,0.397246,0.366642,0.158105,0.117617,0.088774,0.228626,0.526340,0.094977,0.326587,0.338994,0.315788,0.161132,0.101162,0.091796,0.589932,0.055030,4.881371,0.856044,0.842526,0.984209,0.904192,0.644444
104,1627,0.950739,0.878695,0.950739,53839.175001,51,42,1688.387273,144.774547,0.547700,45.514401,0.759570,1.455161,2.539767,1.232923,49.881711,41.734767,-84.416733,152.367532,0.901684,8027234.807590,38.666667,42,50,0.963641,7425.715521,51.478106,42.000000,0.162392,0.000821,0.000016,0.000000,-0.000000,0.000000,-0.000000,1,1.946994,0.624378,0.689556,-0.430538,1627,53839.175001,1688.387273,144.774547,49.881711,41.734767,152.367532,7425.715521,64.843013,108.560541,6.844335,0.060734,1.345889,0.010276,0.013489,0.016977,0.016545,0.018185,0.017392,0.016950,0.015333,0.017780,0.019386,0.018616,0.023889,0.029178,0.022251,0.029914,0.024024,0.028639,0.028381,0.025417,0.027975,0.031245,0.037313,0.034151,0.036148,0.028900,0.026831,0.034037,0.034224,0.033519,0.025035,0.019823,0.018883,0.018600,0.018013,0.014904,0.013804,0.013120,0.008033,0.011341,0.010401,0.013095,0.014754,0.013849,0.014275,0.016150,0.016542,0.012806,0.011597,0.008288,3.483428,4.785514,2.456604,0.707795,0.288626,0.187766,0.145959,0.097512,0.059802,0.060259,0.047708,0.037174,0.029736,0.026228,0.025830,0.018882,0.017415,0.016450,0.014429,0.013149,0.011681,0.010924,0.009990,0.009321,0.008712,0.007966,0.008126,0.007317,0.006850,0.006516,0.006150,0.006315,0.005393,0.005302,0.005593,0.005121,0.004766,0.004433,0.005169,0.004709,0.004328,0.004491,0.004687,0.004564,0.004328,0.004534,0.004439,0.004524,0.004361,0.004201,0.080905,0.089115,0.761547,0.076522,0.485515,0.088985,0.214094,0.294754,0.152787,0.084174,0.098043,0.818292,0.064268,0.117023,0.258520,0.353204,0.294308,0.132931,0.335006,0.087512,0.825759,0.061431,0.145197,0.249360,0.211150,0.052439,0.252710,0.266618,0.391434,0.164090,0.084971,0.665478,0.149095,0.282134,0.348655,0.274403,0.280959,0.431688,0.166258,0.326890,0.297377,0.414475,0.384107,0.353043,0.260395,0.489080,0.134671,0.106271,0.420304,0.383478,0.437997,0.213047,0.092316,0.402375,0.219460,0.527292,0.314989,0.093462,0.696234,0.103500,0.194852,0.121012,0.133340,0.242879,0.586460,0.529938,0.387717,0.215167,0.149265,0.227326,0.154236,0.147886,0.483369,0.126704,0.357199,0.509638,0.284304,0.168695,0.135337,0.144581,0.463107,0.070081,10.678128,2.059955,1.745352,0.847276,0.950167,0.773333
105,377,0.746032,0.743386,0.788360,5862.604591,27,24,544.681356,84.362711,0.590726,21.909160,0.581790,1.813680,1.675756,1.388748,26.005593,20.983190,-5.282303,95.669048,0.732941,5347268.973534,14.538462,26,24,0.692148,1966.855501,30.886876,24.000000,0.184619,0.001523,0.000466,0.000038,0.000000,0.000001,-0.000000,1,2.047336,0.642274,0.684645,-0.246857,377,5862.604591,544.681356,84.362711,26.005593,20.983190,95.669048,1966.855501,59.792183,89.641910,5.971079,0.052115,0.040572,0.022212,0.009317,0.013956,0.015745,0.020109,0.016828,0.019680,0.026588,0.030514,0.031052,0.028191,0.034335,0.037535,0.023762,0.032473,0.024807,0.030337,0.033218,0.027497,0.027767,0.028835,0.038139,0.035075,0.039126,0.030058,0.029833,0.035855,0.031711,0.031831,0.020951,0.016407,0.016102,0.021571,0.021728,0.015157,0.013285,0.011016,0.006740,0.007011,0.005450,0.006530,0.006522,0.005388,0.005209,0.006641,0.007893,0.007561,0.007995,0.006670,0.333326,0.791938,1.018640,0.777024,0.520586,0.214165,0.068412,0.048275,0.062518,0.062745,0.052427,0.036710,0.031635,0.029899,0.030020,0.024608,0.019184,0.013721,0.011714,0.012006,0.013183,0.011973,0.009984,0.008879,0.010310,0.010961,0.010610,0.009150,0.008320,0.007692,0.007305,0.007163,0.007317,0.006965,0.006124,0.005083,0.005266,0.006305,0.007185,0.006836,0.006077,0.006107,0.006340,0.006825,0.006600,0.006042,0.005648,0.005699,0.005762,0.005894,0.028404,0.026163,0.862830,0.055165,0.429115,0.055031,0.125102,0.186440,0.115798,0.026888,0.023873,0.937179,0.025318,0.073712,0.151717,0.203969,0.194329,0.109278,0.209794,0.077427,0.915076,0.035253,0.089297,0.151714,0.114593,0.047484,0.254960,0.230963,0.192936,0.144192,0.068687,0.846612,0.064603,0.152054,0.284175,0.243139,0.327275,0.257215,0.265632,0.351557,0.366272,0.349375,0.356361,0.383684,0.319606,0.552276,0.105906,0.143998,0.324472,0.367903,0.338466,0.221248,0.085853,0.501517,0.240597,0.324134,0.280123,0.083652,0.858770,0.046507,0.049639,0.040814,0.088323,0.357255,0.471082,0.596848,0.436886,0.277311,0.053139,0.087110,0.064489,0.108974,0.619613,0.130055,0.293891,0.426706,0.307225,0.084599,0.129088,0.098408,0.450352,0.041191,3.940668,1.206666,0.923954,0.765708,0.881818,0.605769
106,3442,0.925625,0.917199,0.873911,153355.798187,72,70,4153.025078,234.050156,0.266085,66.200382,0.682937,1.807828,3.244455,2.829003,68.734644,66.256735,89.746567,289.427453,0.914124,13683036.367956,49.171429,70,72,0.828793,19769.234279,83.527862,68.472554,0.165452,0.000037,0.000017,0.000000,0.000000,-0.000000,0.000000,1,1.983371,0.644732,0.711411,-0.439675,3442,153355.798187,4153.025078,234.050156,68.734644,66.256735,289.427453,19769.234279,60.637711,70.565369,6.847402,0.053520,3.352272,0.010997,0.012310,0.018525,0.019796,0.020767,0.019798,0.019386,0.018178,0.013258,0.016146,0.013916,0.015040,0.019049,0.015745,0.017374,0.015305,0.018672,0.023184,0.024575,0.023039,0.032941,0.052687,0.040323,0.032170,0.024484,0.021635,0.024709,0.023669,0.023533,0.022889,0.028369,0.030096,0.033991,0.034128,0.022251,0.019877,0.020750,0.018156,0.025726,0.018459,0.014576,0.011830,0.010257,0.011758,0.010571,0.011711,0.011339,0.013313,0.009737,7.557873,5.063632,1.085224,0.309518,0.280374,0.130517,0.116602,0.097787,0.083726,0.059408,0.050109,0.031142,0.036816,0.028898,0.025954,0.022249,0.019627,0.018901,0.015418,0.014522,0.013822,0.013828,0.012662,0.011942,0.010730,0.008934,0.008648,0.007330,0.008672,0.008485,0.007757,0.007413,0.006338,0.006145,0.006088,0.005851,0.006364,0.006223,0.005974,0.005231,0.005248,0.005312,0.005452,0.005385,0.005546,0.005491,0.005638,0.005982,0.005660,0.005548,0.130411,0.096872,0.664576,0.088192,0.504857,0.076210,0.287819,0.334826,0.261785,0.074280,0.108254,0.697735,0.171805,0.130098,0.220606,0.500409,0.360320,0.143452,0.264886,0.115510,0.743176,0.199222,0.186856,0.273657,0.350297,0.150209,0.263474,0.433938,0.248149,0.215311,0.153475,0.658340,0.106672,0.157688,0.248163,0.385959,0.274876,0.271885,0.444731,0.418915,0.285315,0.325046,0.352161,0.313132,0.260994,0.347721,0.146122,0.355415,0.424643,0.378676,0.370566,0.303036,0.189816,0.377517,0.358009,0.480470,0.331449,0.158637,0.658662,0.140813,0.155737,0.103579,0.131555,0.253570,0.489794,0.616177,0.360530,0.186174,0.226831,0.212614,0.185235,0.143240,0.441209,0.168985,0.488766,0.399924,0.267465,0.232469,0.180390,0.197724,0.425125,0.041090,11.892445,1.146855,1.794670,1.564862,0.808666,0.682937
107,507,0.970530,0.946955,0.931238,8962.440242,25,24,525.575753,80.151506,0.361068,25.407331,0.845000,0.683855,0.801576,0.770975,26.426188,24.643461,75.014234,84.284271,0.824692,4724975.088229,20.360000,25,26,0.964656,2233.524260,28.999303,24.000000,0.160635,0.000125,0.000001,0.000000,0.000000,0.000000,0.000000,1,1.915762,0.603599,0.667940,-0.430709,507,8962.440242,525.575753,80.151506,26.426188,24.643461,84.284271,2233.524260,57.646564,99.901381,5.922788,0.048621,-0.417561,0.022599,0.024659,0.031221,0.030884,0.030655,0.026126,0.021464,0.018303,0.017759,0.015941,0.012123,0.014561,0.018302,0.010518,0.017479,0.013756,0.018779,0.020763,0.021695,0.022938,0.028888,0.037885,0.037405,0.041415,0.029252,0.024894,0.032355,0.027019,0.027291,0.021660,0.018051,0.017364,0.015365,0.013233,0.010368,0.011016,0.013028,0.008151,0.011852,0.011694,0.014902,0.015779,0.014956,0.017517,0.019871,0.022986,0.022920,0.024374,0.020584,0.703786,1.493464,1.734143,1.143473,0.523847,0.131999,0.141203,0.127005,0.075421,0.042564,0.051017,0.046240,0.031987,0.022046,0.025308,0.023179,0.017861,0.014706,0.015690,0.014314,0.011389,0.010113,0.010671,0.009631,0.008208,0.008190,0.008520,0.007037,0.006429,0.007037,0.006970,0.005881,0.005737,0.006248,0.006251,0.005307,0.005068,0.005502,0.005554,0.004981,0.004233,0.004451,0.004990,0.004790,0.004374,0.004822,0.005313,0.004908,0.004053,0.004326,0.042809,0.033790,0.827994,0.064202,0.507575,0.048392,0.062043,0.175123,0.113298,0.035823,0.038368,0.926502,0.043311,0.092173,0.141112,0.231736,0.206765,0.110000,0.252360,0.076927,0.879049,0.059841,0.094813,0.134888,0.218611,0.067801,0.272972,0.198998,0.246677,0.084955,0.057762,0.858512,0.063775,0.085127,0.288456,0.239642,0.228953,0.361156,0.270948,0.284404,0.384265,0.272217,0.447891,0.402162,0.280609,0.452313,0.120647,0.236939,0.285485,0.353292,0.264447,0.381373,0.114563,0.538418,0.215224,0.314453,0.124674,0.084687,0.895183,0.081035,0.073159,0.072004,0.116718,0.292394,0.566311,0.502440,0.391694,0.361357,0.116755,0.095049,0.099287,0.157544,0.573318,0.188209,0.357088,0.328388,0.291320,0.110796,0.086461,0.113657,0.531971,0.071370,6.015357,1.039692,1.172143,1.127395,0.950966,0.783077
108,443,0.767494,0.783296,0.785553,6796.181208,29,24,567.702046,84.404092,0.286024,23.749634,0.636494,1.849187,1.567942,1.635203,25.987855,24.902150,-38.211423,99.704581,0.742393,6045843.733875,15.275862,29,27,0.780339,1985.059248,31.400373,24.000000,0.182359,0.000060,0.000239,0.000120,-0.000000,-0.000001,-0.000000,1,1.974550,0.635732,0.665753,-0.262151,443,6796.181208,567.702046,84.404092,25.987855,24.902150,99.704581,1985.059248,58.910619,110.424379,6.001957,0.050667,-1.188691,0.021009,0.010031,0.012587,0.012773,0.014712,0.011398,0.010033,0.011834,0.014063,0.014373,0.012191,0.016517,0.019874,0.011873,0.021231,0.018083,0.025562,0.029567,0.026787,0.026537,0.028877,0.037969,0.036262,0.042583,0.028836,0.027297,0.042504,0.039338,0.042666,0.036074,0.032140,0.029096,0.029135,0.027692,0.022778,0.022554,0.021647,0.015034,0.016075,0.012922,0.012969,0.012457,0.010556,0.009208,0.008617,0.008982,0.009077,0.009608,0.007019,0.389241,0.894404,1.084233,0.761670,0.481616,0.195222,0.080271,0.077419,0.092602,0.075472,0.047883,0.027880,0.027308,0.027464,0.026386,0.022560,0.021606,0.018638,0.014916,0.013091,0.012657,0.010836,0.009473,0.008880,0.009228,0.008905,0.008263,0.007508,0.007320,0.006311,0.005718,0.005747,0.005749,0.005031,0.004601,0.004504,0.005011,0.005087,0.004869,0.004587,0.004210,0.004108,0.004365,0.004635,0.004281,0.004077,0.004218,0.004521,0.004690,0.004944,0.030685,0.031533,0.843539,0.075144,0.479011,0.029565,0.093881,0.180682,0.095243,0.020508,0.034613,0.936085,0.041310,0.064611,0.138332,0.221550,0.196840,0.096317,0.252126,0.079933,0.896632,0.041401,0.073888,0.140650,0.171499,0.055247,0.258208,0.183861,0.149253,0.108864,0.056158,0.846969,0.041905,0.135652,0.327982,0.289523,0.205903,0.195713,0.229407,0.245968,0.393486,0.346128,0.471283,0.422643,0.361657,0.525952,0.066156,0.161750,0.238901,0.371548,0.348298,0.340653,0.070659,0.505331,0.186487,0.370773,0.187076,0.063043,0.860072,0.059774,0.054081,0.062172,0.196690,0.256281,0.506951,0.547913,0.408027,0.348760,0.131816,0.088358,0.079960,0.239603,0.564487,0.078822,0.347655,0.367811,0.327701,0.161873,0.090517,0.069466,0.521898,0.044563,4.443126,0.958867,0.847909,0.884282,0.846542,0.565773
109,1427,0.863350,0.796076,0.868956,46885.259662,57,37,1622.986325,146.972650,0.679135,42.625260,0.676624,2.150682,4.040663,1.982341,50.736793,37.241473,-85.782200,170.474134,0.871747,9084791.737258,37.552632,38,57,0.879243,8172.629589,57.706146,37.000000,0.173370,0.002700,0.000130,0.000002,0.000000,0.000000,0.000000,1,2.018174,0.637139,0.683978,-0.215369,1427,46885.259662,1622.986325,146.972650,50.736793,37.241473,170.474134,8172.629589,65.073426,89.614576,6.813776,0.061140,2.359022,0.011439,0.005761,0.007407,0.006665,0.008224,0.007286,0.007138,0.008850,0.011219,0.013689,0.014196,0.019863,0.029407,0.027915,0.037553,0.027689,0.025464,0.027511,0.033962,0.041231,0.050385,0.059244,0.051765,0.052978,0.040824,0.030751,0.034278,0.030448,0.032274,0.031193,0.026950,0.019426,0.020367,0.019668,0.014614,0.014303,0.014644,0.010483,0.010980,0.008281,0.008919,0.009852,0.008671,0.007753,0.006446,0.006510,0.006563,0.006489,0.003908,2.444533,3.408728,1.948409,0.526993,0.215385,0.191080,0.105619,0.088017,0.090169,0.055110,0.046001,0.039862,0.032538,0.027213,0.023980,0.020760,0.020189,0.016810,0.014611,0.014772,0.013483,0.011239,0.012003,0.010201,0.009403,0.009297,0.008866,0.006811,0.006828,0.007027,0.006386,0.006308,0.006094,0.005790,0.005581,0.005194,0.005375,0.005564,0.004631,0.004941,0.005131,0.004956,0.005123,0.005293,0.004697,0.004324,0.004291,0.004220,0.004078,0.004022,0.083015,0.090126,0.766128,0.075105,0.466876,0.055497,0.156359,0.374655,0.080767,0.080885,0.100003,0.800285,0.087958,0.104569,0.189432,0.387376,0.367185,0.059654,0.281767,0.094936,0.829763,0.093654,0.118914,0.199540,0.321807,0.059430,0.230796,0.233103,0.348123,0.177958,0.090569,0.622837,0.090296,0.270821,0.537417,0.162358,0.201883,0.332459,0.222356,0.377688,0.179812,0.262589,0.527537,0.512650,0.119300,0.375018,0.148373,0.195867,0.472432,0.238992,0.313516,0.504981,0.162363,0.372844,0.227404,0.477801,0.334423,0.115186,0.721847,0.111722,0.165036,0.130714,0.130446,0.221869,0.518709,0.560576,0.482913,0.158494,0.133736,0.185458,0.204440,0.122749,0.412498,0.179348,0.413153,0.556809,0.184749,0.115764,0.185692,0.213865,0.434963,0.049103,8.370771,2.038329,1.878782,0.921727,0.862140,0.658818
110,327,0.615385,0.135385,0.615385,1804.780440,26,38,838.208933,107.417865,0.919952,20.404640,0.330972,3.229871,5.981480,3.070680,43.588297,17.087939,7.098461,123.775649,0.565334,7088318.140752,7.081901,25,38,0.390118,1149.363222,39.395423,25.122746,0.417667,0.093874,0.024744,0.014927,0.000287,0.004570,-0.000008,1,2.087205,0.845457,0.774892,0.328459,327,1804.780440,838.208933,107.417865,43.588297,17.087939,123.775649,1149.363222,71.940669,81.070336,5.717718,0.073724,1.673956,0.037230,0.028968,0.036475,0.032680,0.033118,0.025274,0.020380,0.018150,0.014710,0.011813,0.010919,0.011405,0.012867,0.010892,0.015898,0.016919,0.020797,0.023688,0.021776,0.026225,0.032741,0.035679,0.031394,0.031650,0.022651,0.019977,0.026593,0.022743,0.021939,0.017514,0.014971,0.013039,0.012597,0.010814,0.008787,0.010517,0.013589,0.010643,0.015664,0.016289,0.023546,0.024992,0.023525,0.024712,0.025983,0.028953,0.025490,0.024722,0.015333,0.196613,0.412343,0.456739,0.347837,0.265119,0.170224,0.130622,0.087273,0.068653,0.060988,0.048986,0.028953,0.028258,0.025408,0.017717,0.014233,0.014705,0.013308,0.012578,0.010970,0.012762,0.015193,0.015376,0.014561,0.013166,0.010970,0.010555,0.009073,0.007785,0.007140,0.006942,0.006755,0.006420,0.006503,0.007363,0.007038,0.007183,0.007263,0.006642,0.006909,0.007078,0.006877,0.007439,0.006915,0.005869,0.006704,0.006497,0.005700,0.005855,0.006030,0.063272,0.041746,0.785415,0.071818,0.556790,0.045040,0.085927,0.172366,0.151921,0.059742,0.039478,0.909938,0.051966,0.123376,0.199667,0.207624,0.201885,0.158836,0.346825,0.080881,0.840124,0.055237,0.113610,0.203978,0.168672,0.071457,0.276113,0.313106,0.077033,0.062291,0.049607,0.838412,0.044953,0.099228,0.224096,0.353080,0.366691,0.067327,0.060012,0.126985,0.615437,0.370355,0.258744,0.281384,0.423348,0.536815,0.058517,0.083060,0.143009,0.539284,0.356747,0.202534,0.082651,0.463793,0.373254,0.218139,0.142323,0.072911,0.859184,0.049366,0.058841,0.066565,0.197471,0.472037,0.347400,0.414367,0.331883,0.547858,0.127648,0.053677,0.062231,0.226820,0.431870,0.125496,0.310069,0.302493,0.471217,0.147675,0.062978,0.073493,0.597386,0.021344,2.641877,1.947933,1.851925,0.950713,0.867843,0.342105
111,354,0.887640,0.879213,0.943820,5493.860153,23,20,375.830172,67.660345,0.494487,21.230327,0.769565,0.734073,1.140303,0.886927,22.962777,19.958899,-86.555913,70.870058,0.766590,4843487.228514,17.800000,20,23,0.941915,1637.088973,24.596039,20.000000,0.162965,0.000515,0.000036,0.000000,-0.000000,-0.000000,-0.000000,1,2.012694,0.618821,0.695459,-0.471127,354,5493.860153,375.830172,67.660345,22.962777,19.958899,70.870058,1637.088973,88.075793,138.632768,6.025239,0.106583,-2.546565,0.021482,0.015817,0.020988,0.019032,0.019789,0.016756,0.015119,0.014341,0.015519,0.015297,0.011996,0.018026,0.022728,0.013041,0.026192,0.020537,0.029105,0.034544,0.033735,0.036294,0.040865,0.053637,0.048709,0.048945,0.033979,0.027295,0.034291,0.030432,0.030289,0.019446,0.014626,0.013254,0.012694,0.009922,0.007098,0.007724,0.008924,0.006783,0.008798,0.008633,0.011079,0.012205,0.013005,0.015385,0.017481,0.018921,0.017366,0.016467,0.012888,0.332903,0.767354,1.013546,0.832991,0.589271,0.249732,0.096718,0.078643,0.075146,0.056049,0.041724,0.033921,0.031474,0.022349,0.018470,0.017442,0.017448,0.014701,0.010833,0.010368,0.012178,0.011753,0.009439,0.006916,0.006898,0.007587,0.007529,0.005772,0.004777,0.005146,0.005867,0.005615,0.004546,0.003684,0.004089,0.004605,0.004674,0.003944,0.003334,0.003711,0.004046,0.003989,0.003698,0.003756,0.004082,0.004074,0.003719,0.003410,0.003335,0.003500,0.081770,0.042849,0.847853,0.077189,0.481534,0.039581,0.087145,0.133852,0.087815,0.106167,0.067397,0.944571,0.056748,0.147201,0.116584,0.154350,0.138421,0.102495,0.248435,0.100381,0.896626,0.038391,0.135232,0.116011,0.112323,0.041241,0.276994,0.258460,0.197106,0.138879,0.064346,0.868291,0.104497,0.155696,0.249448,0.140002,0.391792,0.283288,0.293775,0.254377,0.441959,0.291532,0.376327,0.351064,0.264656,0.479482,0.077397,0.191672,0.236055,0.373105,0.241853,0.261769,0.113237,0.626574,0.187029,0.227948,0.152830,0.075511,0.921011,0.126073,0.101187,0.083758,0.050864,0.401011,0.440266,0.469204,0.371905,0.311577,0.246783,0.235665,0.202989,0.179321,0.553875,0.086726,0.238332,0.287883,0.210242,0.107821,0.145970,0.159578,0.665895,0.070482,4.995057,1.285678,1.553391,1.208227,0.954710,0.773913
112,4253,0.911932,0.830256,0.798769,224157.610022,96,78,5817.711470,301.422940,0.641447,73.587280,0.567975,2.486441,6.225662,5.152496,88.724795,68.066763,57.924164,349.634560,0.916372,16877291.720844,49.116279,86,108,0.731043,28009.779981,119.999691,68.904067,0.183727,0.002265,0.000067,0.000009,0.000000,0.000000,-0.000000,1,2.217912,0.679495,0.739962,-0.150522,4253,224157.610022,5817.711470,301.422940,88.724795,68.066763,349.634560,28009.779981,68.886988,83.016459,7.019986,0.068015,4.143816,0.009450,0.018811,0.025500,0.024925,0.023983,0.020082,0.018448,0.017262,0.017413,0.017261,0.013795,0.016109,0.017340,0.008611,0.010403,0.010430,0.014948,0.015916,0.013972,0.016267,0.017580,0.020765,0.024776,0.028535,0.023863,0.051497,0.066360,0.041963,0.041837,0.039688,0.033173,0.022955,0.019386,0.019168,0.020149,0.020887,0.020408,0.013736,0.015196,0.010539,0.012868,0.011833,0.010952,0.012843,0.014319,0.019211,0.017953,0.015465,0.010619,8.357417,4.362927,1.155000,0.335773,0.343708,0.167149,0.123302,0.085493,0.069118,0.059271,0.044906,0.036412,0.030715,0.027798,0.024279,0.022123,0.020994,0.016666,0.016095,0.014227,0.013595,0.012091,0.010019,0.009693,0.009704,0.009313,0.009378,0.009103,0.008294,0.007806,0.007993,0.007025,0.007041,0.007556,0.006762,0.006201,0.005817,0.006014,0.005641,0.005409,0.006010,0.005920,0.005322,0.005128,0.005120,0.005786,0.005200,0.005317,0.005420,0.005063,0.212185,0.134690,0.695271,0.092822,0.451321,0.154109,0.405698,0.155201,0.169404,0.155633,0.149695,0.695533,0.131249,0.173883,0.183284,0.586106,0.155821,0.144042,0.279042,0.135015,0.760767,0.144852,0.222835,0.142561,0.359342,0.126567,0.298382,0.401451,0.183222,0.283921,0.160612,0.629960,0.154682,0.285367,0.220841,0.384547,0.330127,0.189207,0.358441,0.279287,0.442626,0.352302,0.406629,0.218203,0.340206,0.413851,0.147595,0.206022,0.262585,0.525326,0.378579,0.266556,0.152674,0.426492,0.225707,0.327860,0.508190,0.137797,0.633345,0.123517,0.235792,0.171159,0.251082,0.171176,0.455677,0.677955,0.154150,0.241121,0.259346,0.303605,0.162101,0.189258,0.376926,0.396831,0.453041,0.162949,0.333591,0.390920,0.257339,0.150331,0.340190,0.034791,12.164129,1.208281,2.503844,2.072237,0.862109,0.454780
113,518,0.917625,0.896552,0.950192,9663.146303,30,24,543.699418,81.398835,0.507312,25.681474,0.719444,0.793997,1.207287,0.770653,27.749365,23.913361,-87.411326,85.254834,0.810880,5441154.785103,21.750000,24,30,0.952732,2421.006053,30.149242,24.000000,0.161593,0.000570,0.000008,0.000000,-0.000000,-0.000000,0.000000,1,1.970090,0.616857,0.688894,-0.468251,518,9663.146303,543.699418,81.398835,27.749365,23.913361,85.254834,2421.006053,57.686865,113.059846,5.995896,0.048685,-1.285225,0.021459,0.010262,0.012829,0.013490,0.015667,0.014473,0.013112,0.012554,0.013944,0.015819,0.015326,0.018857,0.026027,0.018033,0.028425,0.025630,0.034154,0.039774,0.038152,0.036136,0.037261,0.046765,0.039093,0.040441,0.024929,0.023044,0.034687,0.031165,0.032652,0.022558,0.019071,0.018930,0.020273,0.018604,0.015312,0.015606,0.017616,0.011977,0.017164,0.015996,0.015591,0.012767,0.010322,0.010500,0.010060,0.010062,0.008733,0.008929,0.007226,0.596806,1.330480,1.546944,1.028737,0.592990,0.227634,0.098247,0.090074,0.079120,0.054487,0.041583,0.030435,0.028490,0.024105,0.021568,0.017923,0.016890,0.014511,0.011870,0.011279,0.012233,0.010662,0.008127,0.006734,0.008031,0.008596,0.007235,0.005458,0.005826,0.006408,0.005805,0.004824,0.005172,0.005602,0.005227,0.004220,0.004079,0.004146,0.003894,0.003923,0.004033,0.003977,0.003433,0.003261,0.003602,0.003898,0.003710,0.003288,0.003004,0.003391,0.035486,0.031522,0.859282,0.060831,0.435671,0.037385,0.120174,0.197660,0.104692,0.032707,0.034011,0.931639,0.028210,0.084472,0.162622,0.214339,0.193004,0.110688,0.235967,0.070030,0.902688,0.040636,0.090592,0.165410,0.135673,0.044421,0.258784,0.222141,0.247011,0.125310,0.059390,0.815499,0.056073,0.174658,0.332800,0.246903,0.252385,0.305338,0.236600,0.342217,0.369958,0.343413,0.381636,0.412604,0.315092,0.485166,0.086583,0.147573,0.345900,0.376765,0.360612,0.229813,0.087856,0.532130,0.230572,0.374758,0.234221,0.085531,0.848572,0.050263,0.084840,0.051000,0.108693,0.294879,0.525339,0.565750,0.439654,0.287836,0.094247,0.099537,0.059606,0.136004,0.650126,0.120580,0.303186,0.410008,0.291391,0.109392,0.079816,0.087733,0.437974,0.071268,6.075902,1.566576,1.520518,0.970600,0.954771,0.725000
114,516,0.953846,0.907692,0.926923,9509.470063,29,24,536.280099,80.560197,0.491312,25.631847,0.741379,1.104639,1.173772,1.163537,27.557858,24.002449,-87.501979,83.840620,0.825186,4637502.096463,21.666667,24,29,0.962184,2324.982339,29.613751,24.000000,0.161454,0.000491,0.000018,0.000000,0.000000,0.000000,-0.000000,1,1.974386,0.615073,0.681350,-0.474632,516,9509.470063,536.280099,80.560197,27.557858,24.002449,83.840620,2324.982339,57.853849,107.505814,5.981545,0.048954,-1.108641,0.021355,0.010201,0.012355,0.011996,0.013712,0.012567,0.012180,0.012316,0.014036,0.015256,0.014916,0.019671,0.027792,0.020749,0.032104,0.030467,0.038420,0.040557,0.038615,0.035272,0.035765,0.040631,0.034379,0.032316,0.021988,0.019923,0.023664,0.020736,0.021825,0.017635,0.016350,0.017849,0.019920,0.020759,0.018622,0.020762,0.024318,0.016424,0.022468,0.018174,0.019924,0.020227,0.017007,0.015487,0.013270,0.012010,0.009307,0.008606,0.006472,0.739710,1.550821,1.778105,1.162546,0.542247,0.148581,0.134621,0.115341,0.079240,0.048193,0.046081,0.039818,0.034212,0.025805,0.022932,0.019960,0.019391,0.016685,0.014400,0.012851,0.013124,0.012073,0.010172,0.008534,0.009136,0.008930,0.007418,0.005770,0.006643,0.007425,0.006388,0.004880,0.005280,0.006272,0.005639,0.004096,0.004418,0.005482,0.005219,0.004177,0.004102,0.004801,0.004639,0.004005,0.003914,0.004461,0.004282,0.003748,0.003600,0.004021,0.036319,0.042805,0.833752,0.068163,0.505163,0.044757,0.080502,0.164084,0.080381,0.032044,0.042775,0.937859,0.043459,0.066053,0.147159,0.218207,0.187470,0.083038,0.316812,0.075208,0.878710,0.047094,0.066959,0.145742,0.185460,0.061324,0.236100,0.200460,0.193106,0.078939,0.064324,0.871450,0.063876,0.120804,0.286669,0.227760,0.247331,0.234762,0.268528,0.347223,0.268952,0.384728,0.467968,0.409077,0.290429,0.645353,0.086607,0.225400,0.295012,0.252824,0.330620,0.326971,0.121609,0.378483,0.205615,0.301946,0.126310,0.087006,0.893261,0.067838,0.083156,0.079835,0.164981,0.299897,0.438244,0.563835,0.471849,0.259690,0.176385,0.121342,0.129634,0.217639,0.664561,0.098909,0.389196,0.350117,0.218968,0.157427,0.078945,0.109747,0.428380,0.073408,6.154535,1.008796,1.062584,1.053319,0.960873,0.747126
115,9886,0.904118,0.847178,0.902084,807178.825265,197,118,14440.662858,495.325717,0.691773,112.192897,0.425277,10.721646,14.969564,10.552199,140.114942,101.179133,67.815631,612.227489,0.938245,27342665.601411,84.059829,117,202,0.684595,58204.191831,210.576096,110.817606,0.188817,0.003527,0.000927,0.000705,0.000001,0.000041,-0.000000,1,2.435020,0.750684,0.758933,0.222615,9886,807178.825265,14440.662858,495.325717,140.114942,101.179133,612.227489,58204.191831,63.107815,54.069492,6.521206,0.057712,5.861789,0.016990,0.006609,0.009515,0.010669,0.012860,0.013615,0.014816,0.019287,0.020215,0.015679,0.012134,0.014788,0.018538,0.015074,0.023283,0.023636,0.031738,0.032010,0.030082,0.035021,0.039498,0.055539,0.044413,0.036755,0.018153,0.021234,0.031730,0.021416,0.017808,0.015297,0.013139,0.011243,0.011854,0.016690,0.018429,0.022780,0.050764,0.030112,0.030194,0.022680,0.021929,0.016806,0.014137,0.012948,0.011993,0.010397,0.008320,0.008010,0.006170,16.598710,2.639927,0.668433,0.278279,0.219230,0.128373,0.116613,0.088128,0.066335,0.056601,0.049853,0.042353,0.037585,0.031062,0.027163,0.021594,0.020335,0.017869,0.016938,0.016037,0.016299,0.014798,0.013136,0.011869,0.011511,0.011450,0.011227,0.010138,0.009739,0.009073,0.008680,0.008021,0.007491,0.007738,0.007060,0.006864,0.006953,0.006688,0.006591,0.006335,0.006202,0.006331,0.006345,0.006058,0.006048,0.005890,0.005680,0.006036,0.005702,0.005823,0.152010,0.105137,0.626996,0.077310,0.402547,0.121211,0.319299,0.517119,0.143656,0.091247,0.101083,0.668289,0.091612,0.148180,0.519723,0.344033,0.334196,0.065865,0.289278,0.135559,0.709494,0.104187,0.160238,0.512906,0.151107,0.098077,0.250007,0.496937,0.346491,0.187264,0.112196,0.590266,0.144739,0.224731,0.322625,0.247764,0.133521,0.194140,0.253006,0.343248,0.441168,0.675625,0.287371,0.142960,0.092365,0.354388,0.156543,0.189505,0.320560,0.416734,0.583436,0.209978,0.121502,0.371905,0.395510,0.440886,0.534423,0.166983,0.530261,0.107236,0.123136,0.108247,0.127054,0.143702,0.316572,0.743009,0.403265,0.309344,0.144649,0.153350,0.133040,0.081327,0.362453,0.175145,0.462615,0.442575,0.385152,0.179784,0.218310,0.206676,0.396267,0.026375,16.147592,1.418620,1.396200,0.984196,0.809055,0.416138
116,1798,0.644049,0.444939,0.619577,23060.042461,110,35,2780.837345,236.674690,0.958886,47.846470,0.467013,2.858147,14.626465,3.018443,103.251447,29.301862,-89.425461,350.705627,0.792069,18751405.375341,16.356980,35,110,0.646568,6070.698602,110.110929,34.056691,0.400203,0.115971,0.007586,0.008635,0.000070,0.002937,-0.000000,1,2.703128,0.814504,0.727014,0.615367,1798,23060.042461,2780.837345,236.674690,103.251447,29.301862,350.705627,6070.698602,68.306953,108.380979,6.698844,0.066951,1.839896,0.011944,0.006801,0.008669,0.009399,0.010703,0.008223,0.007371,0.007687,0.008932,0.008974,0.008229,0.011632,0.014923,0.010442,0.017207,0.018947,0.025788,0.032122,0.035193,0.040770,0.049109,0.046488,0.036290,0.030343,0.021640,0.025505,0.025769,0.022664,0.035355,0.041519,0.045486,0.046540,0.050652,0.041607,0.027168,0.025999,0.020333,0.013228,0.014886,0.011008,0.010323,0.010129,0.008935,0.008419,0.008371,0.008875,0.008194,0.007123,0.006031,1.365068,1.464400,1.021453,0.514714,0.238006,0.171803,0.140772,0.079149,0.063562,0.054362,0.047255,0.034640,0.031325,0.024801,0.025310,0.021352,0.017975,0.017337,0.016061,0.011926,0.010605,0.010889,0.011099,0.010586,0.010074,0.010439,0.011199,0.009639,0.008542,0.008232,0.008280,0.007730,0.006717,0.006477,0.006196,0.005953,0.005639,0.006330,0.006662,0.006230,0.006439,0.006597,0.006027,0.006114,0.005923,0.005714,0.005480,0.005160,0.005193,0.005497,0.044130,0.076254,0.847067,0.073343,0.309852,0.042539,0.205697,0.355070,0.055951,0.034210,0.072604,0.862868,0.074609,0.064336,0.105737,0.392314,0.270152,0.035166,0.141759,0.082744,0.867624,0.086318,0.082077,0.128851,0.370692,0.117948,0.195373,0.115789,0.505755,0.291189,0.075536,0.523497,0.095490,0.313345,0.501131,0.088440,0.081361,0.332527,0.602654,0.248693,0.108835,0.209314,0.494655,0.392819,0.055822,0.267955,0.110935,0.629849,0.294535,0.132760,0.216072,0.468846,0.231713,0.307590,0.107473,0.634896,0.387862,0.078421,0.595200,0.114418,0.199291,0.135171,0.058525,0.092098,0.454253,0.770598,0.229054,0.091905,0.128979,0.265550,0.196248,0.069072,0.352357,0.100769,0.753316,0.295466,0.119553,0.117381,0.192897,0.196442,0.327159,0.014619,5.126807,4.845698,5.117464,1.056084,0.674853,0.467013
117,447,0.888143,0.914989,0.939597,7264.671212,25,24,489.724026,78.448052,0.306347,23.856615,0.745000,1.515564,0.925429,1.009791,24.772779,23.581699,2.503787,82.355339,0.809627,4503072.316508,17.880000,25,24,0.912759,1932.347245,28.301943,23.942977,0.163195,0.000065,0.000192,0.000002,-0.000000,-0.000000,0.000000,1,1.950826,0.615537,0.677191,-0.446865,447,7264.671212,489.724026,78.448052,24.772779,23.581699,82.355339,1932.347245,59.268290,92.261745,5.905037,0.051253,-0.186315,0.023107,0.022273,0.026320,0.023488,0.024144,0.018267,0.015442,0.015598,0.015913,0.015716,0.013595,0.020010,0.025797,0.015687,0.026815,0.024452,0.029212,0.028557,0.025877,0.023933,0.027265,0.033571,0.029800,0.032418,0.023845,0.023484,0.030823,0.027041,0.027167,0.021714,0.017963,0.015733,0.014475,0.011948,0.008857,0.010032,0.012512,0.009354,0.014084,0.014387,0.017559,0.018964,0.017730,0.019495,0.020661,0.023024,0.023687,0.023617,0.017694,0.587212,1.275910,1.554664,1.102272,0.559478,0.140641,0.114336,0.121929,0.090434,0.041312,0.034848,0.043559,0.043123,0.025216,0.016849,0.019791,0.023869,0.017897,0.011306,0.011815,0.015559,0.013277,0.008260,0.006783,0.009741,0.011010,0.008761,0.005651,0.006131,0.008106,0.008146,0.006041,0.005438,0.006340,0.006372,0.005079,0.004749,0.005133,0.005319,0.005035,0.004777,0.004893,0.005221,0.005385,0.005134,0.005033,0.005150,0.005280,0.005127,0.005107,0.039255,0.031975,0.828293,0.068259,0.494300,0.041338,0.113946,0.181347,0.121635,0.038972,0.030068,0.931535,0.034500,0.113832,0.159808,0.198566,0.189201,0.122090,0.297260,0.073495,0.889679,0.044101,0.116735,0.164721,0.132779,0.051696,0.227370,0.192944,0.263323,0.152591,0.075227,0.855315,0.043237,0.143482,0.259303,0.207915,0.254709,0.358199,0.421262,0.283368,0.349774,0.339745,0.344366,0.329732,0.289781,0.408164,0.089382,0.263824,0.268569,0.311972,0.326392,0.218424,0.072767,0.653310,0.193950,0.309609,0.205740,0.085449,0.892725,0.068474,0.073999,0.064985,0.074474,0.301726,0.517817,0.600334,0.406988,0.250422,0.122062,0.111377,0.088822,0.129906,0.597709,0.135484,0.304194,0.326730,0.219705,0.106119,0.120022,0.089215,0.585834,0.065906,5.427699,0.916456,0.610617,0.666281,0.952556,0.745000
118,1079,0.738930,0.697417,0.789668,14755.747765,51,54,1953.792453,160.584906,0.730266,37.065152,0.391794,2.749455,3.143417,2.289871,49.169859,33.591015,-26.762794,228.515765,0.792063,10591510.296519,17.437735,46,55,0.552259,3772.886261,56.301327,46.345033,0.205210,0.005567,0.000448,0.000004,-0.000000,0.000000,0.000000,1,2.047834,0.725315,0.757351,-0.091071,1079,14755.747765,1953.792453,160.584906,49.169859,33.591015,228.515765,3772.886261,59.152531,59.304912,6.312449,0.051063,4.513132,0.019004,0.018748,0.027995,0.023282,0.018724,0.014010,0.012099,0.013686,0.017114,0.017693,0.015091,0.018142,0.024886,0.018788,0.027842,0.027244,0.032251,0.033088,0.032612,0.030617,0.026648,0.028746,0.028437,0.025286,0.018332,0.019503,0.028518,0.023793,0.024836,0.022131,0.022269,0.022016,0.020702,0.016610,0.014268,0.016706,0.022360,0.018377,0.021851,0.018084,0.016100,0.013721,0.013201,0.011733,0.012261,0.016740,0.017041,0.020340,0.015480,1.343929,1.955996,1.244221,0.336720,0.144418,0.122373,0.111293,0.079816,0.065808,0.053731,0.044818,0.033588,0.032854,0.030995,0.025643,0.021069,0.022028,0.020106,0.015162,0.018017,0.015642,0.014427,0.015365,0.012982,0.013748,0.013276,0.014885,0.011726,0.009685,0.009563,0.008263,0.008150,0.008926,0.010836,0.010731,0.009733,0.009864,0.007590,0.007945,0.007781,0.008186,0.007946,0.007683,0.007911,0.008152,0.007733,0.007354,0.006394,0.007106,0.008502,0.053376,0.046452,0.725548,0.078632,0.503093,0.056460,0.154201,0.381736,0.191307,0.051397,0.042981,0.766050,0.052427,0.115273,0.296605,0.362775,0.385424,0.156553,0.282193,0.084173,0.793919,0.057306,0.152551,0.338630,0.285307,0.078869,0.232650,0.346201,0.103079,0.106342,0.125105,0.712538,0.098764,0.193017,0.409098,0.347097,0.322474,0.165129,0.192309,0.335446,0.280490,0.459517,0.388499,0.441573,0.288939,0.432455,0.158872,0.166012,0.332292,0.420536,0.504721,0.281760,0.109394,0.356107,0.359897,0.421905,0.298592,0.127919,0.736537,0.097141,0.098581,0.066382,0.144569,0.320443,0.495999,0.574955,0.483721,0.181646,0.127225,0.136074,0.081139,0.111615,0.488433,0.173344,0.403041,0.533324,0.290004,0.130233,0.126457,0.109386,0.394318,0.020663,4.721775,1.372748,1.143287,0.832845,0.702730,0.428458
119,4956,0.506960,0.517854,0.523099,115790.202387,160,94,9287.935840,392.871680,0.876915,79.436611,0.329521,11.005743,15.533171,9.439950,147.339455,70.818069,79.140743,672.630555,0.855661,32720604.268601,29.763244,84,162,0.533595,16703.038647,162.520755,77.218457,0.336949,0.044302,0.037671,0.022787,0.000667,0.004512,0.000016,1,2.669607,0.754898,0.736732,0.420155,4956,115790.202387,9287.935840,392.871680,147.339455,70.818069,672.630555,16703.038647,60.275003,178.193906,6.266777,0.052915,-5.566292,0.016443,0.007932,0.010252,0.011786,0.016466,0.017676,0.019238,0.019246,0.022377,0.021636,0.017547,0.020832,0.021848,0.015326,0.025542,0.026479,0.029523,0.032531,0.034550,0.026742,0.023276,0.025808,0.029687,0.038176,0.024784,0.018165,0.019419,0.018886,0.029804,0.023213,0.023641,0.026106,0.030043,0.034570,0.030289,0.031043,0.028050,0.016687,0.018612,0.013913,0.014133,0.013685,0.011563,0.011617,0.011238,0.010299,0.009288,0.009368,0.007103,4.701267,2.080737,0.573612,0.281909,0.190025,0.154906,0.124311,0.095694,0.069633,0.046983,0.046042,0.038787,0.036396,0.025450,0.021360,0.021254,0.023239,0.018769,0.014282,0.013792,0.015226,0.013762,0.011499,0.011622,0.010369,0.008911,0.008012,0.008825,0.009450,0.008286,0.007758,0.007868,0.007293,0.007030,0.007075,0.006273,0.006546,0.006878,0.006540,0.006040,0.006100,0.006526,0.006093,0.005936,0.005592,0.006308,0.006264,0.005863,0.005800,0.005823,0.077545,0.086410,0.748385,0.116202,0.429006,0.171775,0.298504,0.301912,0.138303,0.080416,0.134748,0.823752,0.138679,0.105034,0.196991,0.394976,0.242673,0.113326,0.230433,0.154571,0.845080,0.131037,0.106833,0.154599,0.267893,0.183338,0.225797,0.128864,0.302909,0.449042,0.201714,0.538577,0.218676,0.392065,0.359472,0.168801,0.163823,0.328542,0.529392,0.235358,0.137554,0.271993,0.540594,0.339808,0.170175,0.392672,0.304457,0.399616,0.219348,0.212088,0.312211,0.411918,0.317096,0.364176,0.156966,0.391289,0.506112,0.228147,0.661025,0.135488,0.166151,0.138134,0.109795,0.243783,0.484832,0.605854,0.268801,0.190728,0.238421,0.290361,0.239742,0.176593,0.459613,0.378761,0.362897,0.216891,0.231927,0.298079,0.298470,0.244201,0.418568,0.010954,7.368086,1.645472,1.411370,0.857729,0.584082,0.364271
120,513,0.945312,0.892578,0.933594,9390.482241,29,24,551.174607,83.349214,0.508447,25.557228,0.737069,0.974653,1.293053,0.811497,27.700418,23.852648,85.363376,85.562446,0.808437,5466035.548024,21.333333,24,29,0.930740,2402.504127,31.780395,24.000000,0.162483,0.000582,0.000046,0.000000,0.000000,-0.000000,-0.000000,1,1.941549,0.609638,0.668617,-0.392363,513,9390.482241,551.174607,83.349214,27.700418,23.852648,85.562446,2402.504127,57.156108,109.005848,5.968934,0.047836,-1.011688,0.021708,0.012712,0.016128,0.016681,0.018091,0.015696,0.014599,0.013158,0.013859,0.014425,0.012240,0.014708,0.021611,0.015778,0.026135,0.023954,0.030325,0.034294,0.032265,0.032412,0.035277,0.046926,0.039920,0.041821,0.024866,0.023464,0.038102,0.033712,0.034772,0.025717,0.024666,0.023939,0.022905,0.018865,0.014303,0.013482,0.013989,0.008642,0.011766,0.010475,0.012132,0.012042,0.011273,0.012878,0.013608,0.015556,0.013846,0.012636,0.009350,0.582431,1.301547,1.518737,1.015674,0.585808,0.222157,0.094187,0.088932,0.081348,0.055558,0.040114,0.029224,0.029263,0.026046,0.021852,0.016709,0.016881,0.015453,0.012400,0.010226,0.011469,0.011204,0.008966,0.007108,0.008233,0.008636,0.007017,0.005680,0.006718,0.007039,0.005682,0.005061,0.005947,0.006232,0.005160,0.004415,0.005048,0.005382,0.004838,0.004254,0.003769,0.003810,0.004127,0.004384,0.003961,0.003588,0.003749,0.004030,0.003775,0.003808,0.041087,0.025567,0.868500,0.064865,0.436933,0.044048,0.068328,0.166561,0.117875,0.029180,0.025858,0.932582,0.027419,0.077299,0.164481,0.208430,0.198850,0.109557,0.174919,0.073702,0.906818,0.037277,0.080187,0.166174,0.187192,0.073695,0.256410,0.247143,0.247261,0.080392,0.056223,0.862956,0.061272,0.072262,0.255229,0.222134,0.293605,0.359524,0.287155,0.355983,0.360624,0.369559,0.302102,0.379106,0.271554,0.453411,0.098462,0.265407,0.331863,0.316559,0.360642,0.262061,0.112234,0.540925,0.244668,0.348543,0.110845,0.083269,0.885173,0.067140,0.060815,0.057399,0.066325,0.334063,0.561067,0.538214,0.438201,0.264154,0.078368,0.076771,0.072222,0.069829,0.568696,0.142210,0.429381,0.368779,0.234069,0.098757,0.083235,0.070953,0.509398,0.070073,5.995621,1.593417,1.326681,0.832601,0.974133,0.735632
121,2004,0.891218,0.906687,0.904192,67882.879560,58,50,2285.778959,168.557917,0.255525,50.513088,0.691034,2.139526,2.066072,1.867827,52.039156,50.311583,-48.822269,198.787843,0.899365,9729563.173783,36.436364,55,56,0.876725,9299.388453,58.034467,50.000000,0.163321,0.000030,0.000081,0.000003,-0.000000,0.000000,-0.000000,1,1.911626,0.629658,0.689061,-0.402316,2004,67882.879560,2285.778959,168.557917,52.039156,50.311583,198.787843,9299.388453,65.015404,100.056886,6.820310,0.061038,1.085083,0.010429,0.014380,0.019850,0.019083,0.022590,0.018400,0.017889,0.019560,0.021152,0.020054,0.015465,0.016851,0.018397,0.011866,0.018165,0.016657,0.018760,0.019746,0.019650,0.023765,0.030858,0.039692,0.042001,0.046455,0.040757,0.035432,0.037625,0.032685,0.030566,0.024009,0.019720,0.017273,0.018272,0.019611,0.017565,0.018784,0.019557,0.012467,0.015534,0.013002,0.014502,0.013405,0.010944,0.009973,0.011079,0.013906,0.014394,0.015537,0.012112,4.364893,5.019608,1.938820,0.494909,0.235784,0.163938,0.150292,0.073070,0.062507,0.054827,0.051990,0.039016,0.036921,0.028586,0.027120,0.019152,0.018046,0.018090,0.016430,0.014244,0.013640,0.013241,0.013030,0.013211,0.010878,0.009463,0.009894,0.008970,0.007635,0.007977,0.007270,0.006427,0.006195,0.006523,0.007047,0.007107,0.007267,0.006641,0.006449,0.006454,0.005701,0.005638,0.005437,0.005113,0.004857,0.005351,0.005602,0.005589,0.005215,0.005432,0.058830,0.079375,0.744549,0.069919,0.508646,0.074500,0.248281,0.248587,0.208053,0.051639,0.115028,0.792516,0.059223,0.107681,0.290406,0.413958,0.230602,0.179002,0.283451,0.123270,0.795139,0.066936,0.121157,0.295669,0.237325,0.060057,0.325121,0.283927,0.181373,0.143643,0.084420,0.713249,0.149411,0.283370,0.309505,0.389342,0.235122,0.249249,0.232364,0.226911,0.315352,0.528304,0.469563,0.288298,0.308142,0.424626,0.182302,0.188174,0.252398,0.339941,0.527551,0.293715,0.105267,0.442857,0.283377,0.464295,0.348262,0.082250,0.702578,0.136639,0.150012,0.120180,0.163833,0.249796,0.495683,0.597883,0.368386,0.254631,0.238689,0.196194,0.137869,0.139345,0.444687,0.134112,0.402470,0.455397,0.289861,0.224779,0.138026,0.137016,0.492471,0.050713,10.081099,1.106137,0.965668,0.873010,0.847929,0.650649
122,446,0.844944,0.849438,0.925843,7464.424145,27,26,537.322807,81.645614,0.494961,23.829915,0.635328,1.821540,1.657757,1.011601,26.329955,22.878503,7.635072,89.740115,0.799280,4524275.631392,16.481481,27,26,0.830041,2060.522876,29.529239,25.826654,0.170118,0.000564,0.000294,0.000025,-0.000000,-0.000000,-0.000000,1,1.971390,0.626611,0.676650,-0.341229,446,7464.424145,537.322807,81.645614,26.329955,22.878503,89.740115,2060.522876,59.778442,101.226457,5.908611,0.052092,-0.925232,0.023105,0.011617,0.016206,0.014566,0.017348,0.012947,0.012643,0.014976,0.017140,0.018419,0.016536,0.022913,0.030177,0.020947,0.031613,0.028240,0.034465,0.033894,0.033106,0.032224,0.032719,0.034868,0.032673,0.032606,0.023314,0.022355,0.027823,0.025692,0.027824,0.020179,0.014032,0.013888,0.014142,0.013748,0.013758,0.017292,0.021268,0.016408,0.019454,0.017309,0.020035,0.019904,0.019067,0.019011,0.017376,0.015570,0.011830,0.009382,0.006496,0.578639,1.265799,1.538984,1.087551,0.551709,0.129804,0.103125,0.121796,0.095396,0.043145,0.034254,0.041437,0.039784,0.025573,0.022277,0.022547,0.020451,0.013891,0.012623,0.014901,0.015170,0.011813,0.011200,0.012649,0.011976,0.008772,0.007976,0.008829,0.008302,0.006273,0.006423,0.007727,0.007336,0.006279,0.006669,0.007209,0.006808,0.005552,0.005245,0.005920,0.005907,0.005020,0.004396,0.005344,0.006135,0.005982,0.005236,0.004921,0.004678,0.004917,0.042105,0.043902,0.825735,0.064044,0.502179,0.053682,0.100395,0.190976,0.093494,0.037022,0.045814,0.934002,0.030361,0.071245,0.156291,0.211633,0.200668,0.093212,0.258419,0.075215,0.903241,0.045004,0.073363,0.157034,0.152563,0.053048,0.231427,0.211528,0.192004,0.104053,0.048140,0.862038,0.060098,0.149644,0.299044,0.216101,0.287409,0.259755,0.249215,0.296857,0.331775,0.384224,0.440303,0.407946,0.285826,0.522934,0.082955,0.192448,0.305371,0.310000,0.379127,0.288061,0.092027,0.508017,0.229204,0.293423,0.193740,0.069874,0.891052,0.061200,0.060934,0.070102,0.112257,0.344950,0.493541,0.557318,0.387170,0.334130,0.159757,0.090382,0.073516,0.161796,0.514647,0.126043,0.325270,0.331169,0.276433,0.160978,0.086042,0.082180,0.622324,0.055381,4.969907,1.638745,0.910085,0.555355,0.909801,0.633903
123,12063,0.954191,0.948382,0.951535,1020353.165570,145,135,14371.415153,439.830306,0.303636,123.931790,0.616245,3.078056,3.204134,2.829225,127.732208,121.701718,80.145423,554.635606,0.955853,24713458.712527,88.602941,136,146,0.839375,66746.399315,150.959715,125.556754,0.161259,0.000061,0.000018,0.000000,0.000000,0.000000,-0.000000,1,1.893575,0.647548,0.721709,-0.435640,12063,1020353.165570,14371.415153,439.830306,127.732208,121.701718,554.635606,66746.399315,62.986079,47.325044,6.344959,0.057503,7.558982,0.020662,0.014118,0.022314,0.021013,0.020741,0.018544,0.019495,0.023673,0.024387,0.025711,0.019558,0.021242,0.028110,0.020175,0.025938,0.024622,0.024874,0.031339,0.029680,0.028030,0.028923,0.033223,0.029008,0.030669,0.023657,0.021732,0.033459,0.033244,0.033661,0.026609,0.020036,0.019095,0.014707,0.016079,0.012428,0.013380,0.016811,0.014492,0.015227,0.012003,0.012309,0.012473,0.012098,0.011288,0.010674,0.012703,0.012556,0.012565,0.011327,25.108376,3.275325,0.771415,0.275004,0.218123,0.132612,0.098537,0.082454,0.069659,0.063167,0.054922,0.036156,0.038311,0.030346,0.026576,0.022621,0.021005,0.019161,0.017984,0.015729,0.017069,0.014637,0.012377,0.012296,0.012412,0.010743,0.009731,0.009385,0.009121,0.008695,0.008983,0.008455,0.007745,0.007260,0.007425,0.006664,0.006647,0.006817,0.006348,0.006457,0.006299,0.006665,0.006217,0.006031,0.005843,0.005841,0.005864,0.006003,0.005745,0.005710,0.089514,0.079190,0.607975,0.116088,0.448699,0.079990,0.305513,0.416189,0.358225,0.065168,0.099024,0.615313,0.104426,0.090974,0.155865,0.636120,0.392042,0.074276,0.265564,0.113982,0.598515,0.116123,0.319167,0.304229,0.514879,0.109769,0.270565,0.412755,0.119589,0.112630,0.105020,0.623486,0.098709,0.131980,0.147511,0.594945,0.175229,0.287308,0.405782,0.390708,0.356985,0.387474,0.409075,0.306609,0.174668,0.340535,0.104899,0.131332,0.354328,0.704597,0.286869,0.153018,0.094547,0.345153,0.403550,0.583639,0.293165,0.097915,0.582152,0.086131,0.119117,0.097977,0.175705,0.073115,0.586808,0.683052,0.343219,0.114867,0.105892,0.151735,0.124748,0.054384,0.312830,0.149188,0.474371,0.593121,0.387289,0.103600,0.121034,0.160081,0.319466,0.039214,21.749415,1.132513,1.040960,0.919160,0.793008,0.606869
124,509,0.905697,0.907662,0.939096,9085.224155,28,24,532.233586,80.467172,0.423316,25.457394,0.757440,0.967402,1.326927,0.975553,26.874723,24.348020,-88.520845,85.012193,0.809538,5389745.421322,21.208333,24,28,0.956347,2264.554851,28.459679,24.000000,0.161161,0.000252,0.000051,0.000000,0.000000,0.000000,-0.000000,1,1.948203,0.615215,0.686019,-0.470683,509,9085.224155,532.233586,80.467172,26.874723,24.348020,85.012193,2264.554851,55.617063,108.131631,5.989840,0.045410,-1.029005,0.020831,0.009130,0.011687,0.012621,0.014486,0.013850,0.015013,0.017114,0.021016,0.023155,0.018907,0.022206,0.031364,0.022237,0.030545,0.025163,0.031002,0.033514,0.029933,0.027595,0.028459,0.038957,0.034262,0.038160,0.026018,0.026513,0.039516,0.037246,0.037833,0.026971,0.022712,0.020833,0.020515,0.017872,0.013803,0.013871,0.014694,0.010084,0.013487,0.011601,0.012071,0.011300,0.010448,0.011273,0.011289,0.012251,0.010460,0.009622,0.007346,0.583665,1.313050,1.543031,1.033576,0.592682,0.221701,0.096818,0.093162,0.080559,0.053688,0.042216,0.033365,0.029967,0.023100,0.021828,0.019555,0.017309,0.012777,0.010788,0.011346,0.012046,0.010000,0.008090,0.007128,0.007610,0.007548,0.007054,0.006129,0.005584,0.005361,0.005471,0.005502,0.005159,0.004864,0.004675,0.004189,0.004160,0.004255,0.004258,0.004043,0.003835,0.004027,0.004181,0.004131,0.003794,0.003782,0.003987,0.004165,0.003956,0.003960,0.025716,0.032553,0.870034,0.059075,0.435406,0.036645,0.074008,0.171283,0.109958,0.023316,0.032538,0.934834,0.029293,0.054892,0.164347,0.213170,0.191116,0.107855,0.228751,0.066445,0.911846,0.036157,0.067585,0.163582,0.197930,0.056742,0.191736,0.237953,0.173900,0.082405,0.063973,0.849572,0.047994,0.114611,0.305538,0.267740,0.284252,0.227457,0.210837,0.352691,0.296734,0.395645,0.434689,0.402824,0.320637,0.470690,0.085237,0.189868,0.330954,0.287653,0.355866,0.365914,0.084560,0.524568,0.262608,0.325562,0.157252,0.072081,0.876830,0.060845,0.063151,0.057346,0.123727,0.333757,0.471460,0.533379,0.508557,0.273316,0.128090,0.085970,0.066540,0.142393,0.519791,0.134756,0.383771,0.451396,0.258581,0.137403,0.098381,0.071023,0.510047,0.070430,5.987376,1.360179,1.371640,1.008426,0.946537,0.757440
125,510,0.958824,0.943137,0.962745,9027.366490,28,25,538.033624,80.067248,0.385854,25.482389,0.728571,1.071632,0.757544,0.872830,26.597951,24.538202,-89.953329,84.426407,0.826219,4573761.518503,20.400000,25,28,0.947896,2207.667728,28.284198,25.000000,0.160172,0.000166,0.000000,0.000000,-0.000000,0.000000,-0.000000,1,1.957528,0.617532,0.686468,-0.505082,510,9027.366490,538.033624,80.067248,26.597951,24.538202,84.426407,2207.667728,58.380671,108.803922,5.900623,0.049805,-1.059912,0.023552,0.012983,0.015758,0.015439,0.018786,0.018607,0.018960,0.018939,0.019653,0.020536,0.018754,0.022164,0.028843,0.018470,0.027545,0.023366,0.029080,0.031908,0.032890,0.030719,0.031299,0.035550,0.029938,0.030196,0.021748,0.020386,0.025407,0.023099,0.025304,0.022439,0.020781,0.019701,0.019562,0.018677,0.015649,0.017241,0.019869,0.014543,0.019674,0.016225,0.017757,0.017329,0.015157,0.014754,0.014088,0.014647,0.013317,0.012442,0.009822,0.735860,1.555502,1.800093,1.184882,0.545914,0.136151,0.134199,0.123922,0.079071,0.041501,0.046450,0.044943,0.033745,0.021649,0.023525,0.023954,0.020896,0.016292,0.015333,0.014093,0.011999,0.010320,0.010511,0.010084,0.009062,0.007873,0.007580,0.007435,0.007537,0.006879,0.005972,0.005743,0.006335,0.006292,0.005237,0.004652,0.005315,0.005554,0.004792,0.004427,0.004654,0.004872,0.004300,0.004066,0.004366,0.004539,0.003861,0.003643,0.004257,0.004895,0.031023,0.035279,0.827559,0.059559,0.496283,0.051504,0.113893,0.186749,0.112222,0.032415,0.046282,0.927901,0.035494,0.077231,0.164810,0.222738,0.195523,0.116519,0.258342,0.085814,0.891096,0.042283,0.091319,0.166360,0.149090,0.041235,0.264784,0.211946,0.268359,0.130753,0.050348,0.825292,0.069430,0.188572,0.295782,0.233355,0.274090,0.344972,0.247959,0.330917,0.341757,0.319549,0.442381,0.372193,0.285895,0.565793,0.091906,0.162351,0.330953,0.353352,0.308742,0.276641,0.072062,0.483360,0.238174,0.337258,0.195656,0.090076,0.866722,0.060697,0.088744,0.083170,0.115967,0.351751,0.496927,0.505485,0.420366,0.364879,0.098732,0.115586,0.108809,0.170361,0.589760,0.107934,0.265484,0.362012,0.315221,0.097901,0.096487,0.103360,0.556824,0.071551,6.040764,0.867917,0.706908,0.814487,0.948367,0.728571
126,1695,0.807554,0.769784,0.820144,54457.152455,63,58,2774.537733,187.075465,0.636236,46.455796,0.463875,3.085339,2.638968,2.012115,56.839592,43.851432,-42.570923,312.492424,0.818237,13932373.992238,29.263158,57,61,0.610913,8807.026077,66.482817,55.397156,0.189921,0.002323,0.000030,0.000031,0.000000,-0.000000,0.000000,1,1.976390,0.707819,0.751865,-0.210261,1695,54457.152455,2774.537733,187.075465,56.839592,43.851432,312.492424,8807.026077,67.865894,80.555752,6.625950,0.066146,4.109441,0.013997,0.012133,0.019406,0.018709,0.020924,0.021478,0.020818,0.023352,0.023411,0.019651,0.017391,0.018183,0.016017,0.013438,0.021722,0.023154,0.023866,0.023016,0.021336,0.025288,0.025752,0.030189,0.024905,0.028762,0.030826,0.024416,0.028163,0.026123,0.027625,0.025436,0.025932,0.024497,0.024911,0.022738,0.021626,0.024405,0.024960,0.020060,0.022067,0.019829,0.019985,0.016339,0.012810,0.010117,0.009037,0.011124,0.010902,0.012539,0.010629,2.287049,2.553490,1.030460,0.183401,0.153473,0.078519,0.086783,0.081577,0.071981,0.063738,0.052651,0.044886,0.028937,0.022099,0.021531,0.018845,0.020736,0.021587,0.021108,0.023136,0.020444,0.017646,0.015500,0.016357,0.014167,0.012284,0.013397,0.011681,0.012536,0.010609,0.009530,0.011561,0.012176,0.010638,0.010794,0.010214,0.010444,0.008737,0.007987,0.008795,0.008532,0.007507,0.009235,0.010617,0.009216,0.007770,0.008195,0.008879,0.007715,0.007089,0.090696,0.059389,0.721272,0.116365,0.523955,0.070345,0.180073,0.308767,0.217326,0.146408,0.105143,0.756915,0.139311,0.224026,0.248128,0.347046,0.334373,0.176575,0.320658,0.134958,0.773567,0.106482,0.200780,0.264584,0.265309,0.110014,0.276424,0.310035,0.218519,0.261503,0.166453,0.717608,0.111349,0.187871,0.301132,0.326650,0.314092,0.243055,0.350399,0.417940,0.416714,0.301743,0.224879,0.356179,0.320441,0.468757,0.161519,0.216827,0.391242,0.417748,0.319895,0.160384,0.186937,0.465380,0.276305,0.390923,0.403215,0.127257,0.713802,0.116717,0.166439,0.156539,0.129282,0.238374,0.393007,0.601940,0.455303,0.240355,0.157534,0.193210,0.232344,0.212574,0.435513,0.132504,0.338120,0.496448,0.277878,0.150189,0.142258,0.205054,0.519544,0.017358,5.424131,1.311539,0.855325,0.652154,0.598656,0.479724
127,506,0.934783,0.922925,0.932806,8865.050870,29,24,559.299922,83.599845,0.395803,25.382262,0.727011,1.012633,0.904928,1.084680,26.692930,24.513069,-79.688159,87.633514,0.805696,5438737.561423,19.461538,26,29,0.904702,2463.708560,30.609826,24.000000,0.161908,0.000189,0.000016,0.000001,-0.000000,0.000000,0.000000,1,1.895877,0.605775,0.668599,-0.383032,506,8865.050870,559.299922,83.599845,26.692930,24.513069,87.633514,2463.708560,56.622183,106.642292,5.903235,0.046988,-0.894188,0.022919,0.010818,0.014695,0.014688,0.016047,0.015070,0.015598,0.017458,0.019443,0.019267,0.015614,0.019265,0.028175,0.020242,0.029501,0.024808,0.032650,0.037441,0.035064,0.034007,0.034974,0.043664,0.037823,0.042019,0.028813,0.028424,0.037910,0.030315,0.031392,0.023012,0.018288,0.017059,0.016877,0.014229,0.011773,0.012139,0.012783,0.008933,0.012989,0.012555,0.013467,0.012352,0.011561,0.011927,0.011336,0.012033,0.011439,0.011229,0.008835,0.571978,1.289132,1.515826,1.014949,0.585151,0.219099,0.092352,0.088629,0.077733,0.052137,0.041815,0.034523,0.030808,0.023387,0.022121,0.020510,0.018821,0.013807,0.011150,0.011107,0.011714,0.010881,0.009569,0.007840,0.007536,0.008115,0.008035,0.006490,0.005755,0.006259,0.006808,0.006183,0.005383,0.005047,0.004863,0.004383,0.004562,0.004759,0.004850,0.004810,0.004480,0.004214,0.004271,0.004389,0.004207,0.003951,0.003877,0.004173,0.004171,0.004016,0.030720,0.029443,0.862082,0.065662,0.433690,0.038983,0.108848,0.182758,0.125837,0.023041,0.030274,0.930298,0.030580,0.086539,0.162736,0.218975,0.188733,0.120910,0.209154,0.073365,0.916904,0.033061,0.093853,0.170999,0.157306,0.048209,0.209631,0.211945,0.256893,0.108858,0.069629,0.843438,0.052012,0.137247,0.263776,0.264340,0.274315,0.330289,0.287026,0.382096,0.341217,0.378541,0.311739,0.348109,0.330439,0.417194,0.096235,0.209602,0.346276,0.348317,0.388217,0.217988,0.067883,0.573305,0.225642,0.361336,0.204037,0.084620,0.865667,0.054246,0.066449,0.060549,0.096556,0.320881,0.526088,0.569322,0.445119,0.253943,0.068647,0.088083,0.082087,0.119606,0.552134,0.127316,0.367613,0.389063,0.250895,0.100848,0.094200,0.075688,0.551999,0.065889,5.774047,0.834281,0.893638,1.071148,0.953971,0.671088
128,492,0.912779,0.929006,0.933063,8366.846635,26,26,523.582480,79.164961,0.309631,25.028661,0.727811,0.568758,0.732853,0.697516,25.770964,24.504497,-60.976006,83.597980,0.807126,5387760.625021,18.961538,26,27,0.939680,2209.858095,27.293873,25.138836,0.160320,0.000065,0.000004,0.000000,-0.000000,0.000000,0.000000,1,1.945421,0.615492,0.683906,-0.493959,492,8366.846635,523.582480,79.164961,25.770964,24.504497,83.597980,2209.858095,57.977520,108.558943,6.017754,0.049153,-0.984298,0.020548,0.016676,0.022356,0.023134,0.023568,0.020013,0.018776,0.017075,0.017025,0.016909,0.013840,0.016535,0.022314,0.014661,0.025796,0.022027,0.031443,0.037233,0.035450,0.033717,0.034149,0.043450,0.037818,0.040043,0.023828,0.018922,0.027557,0.023401,0.024808,0.016765,0.014187,0.015035,0.016095,0.015768,0.014989,0.016016,0.016407,0.011383,0.014468,0.014202,0.015897,0.014800,0.012657,0.013631,0.014044,0.015968,0.016016,0.015555,0.013588,0.550020,1.252032,1.495100,1.017589,0.591966,0.222069,0.097440,0.095371,0.080427,0.048220,0.040788,0.037154,0.030352,0.019349,0.020723,0.021493,0.016945,0.010968,0.011146,0.012801,0.011786,0.008831,0.008609,0.008794,0.007712,0.006574,0.007002,0.006838,0.005555,0.004818,0.005791,0.006270,0.005247,0.004200,0.004617,0.005197,0.004887,0.003798,0.003791,0.004530,0.004579,0.003842,0.003462,0.004083,0.004318,0.003844,0.003408,0.003831,0.004325,0.004153,0.031394,0.037354,0.863011,0.065353,0.434686,0.033252,0.092652,0.190392,0.116910,0.033817,0.031279,0.928497,0.027089,0.089841,0.156743,0.220472,0.200102,0.117249,0.211721,0.073438,0.905577,0.032486,0.094556,0.176854,0.173103,0.047814,0.237032,0.245806,0.228399,0.081281,0.059652,0.843180,0.043009,0.118700,0.293263,0.253669,0.293827,0.297556,0.256676,0.366988,0.377742,0.354800,0.337903,0.379748,0.312408,0.510591,0.078266,0.230588,0.348686,0.364066,0.358762,0.265170,0.080329,0.469457,0.259453,0.344324,0.152338,0.088937,0.871803,0.060270,0.070343,0.066118,0.100060,0.330198,0.499426,0.534382,0.496399,0.255436,0.111830,0.105328,0.064272,0.128775,0.531883,0.098546,0.383527,0.428027,0.246947,0.091629,0.097863,0.092223,0.538167,0.070400,5.885310,1.050661,1.288515,1.226385,0.946972,0.702279
129,464,0.819172,0.845316,0.836601,7376.983149,28,25,569.189040,84.378081,0.356239,24.306031,0.662857,1.671266,0.915655,1.674324,26.157195,24.441151,44.089117,90.840620,0.786385,4967383.444459,16.392857,30,28,0.815195,2848.693684,30.413301,24.590319,0.172253,0.000136,0.000175,0.000033,-0.000000,0.000000,0.000000,1,1.974551,0.625079,0.669744,-0.343651,464,7376.983149,569.189040,84.378081,26.157195,24.441151,90.840620,2848.693684,59.569111,105.959052,5.996659,0.051747,-0.869119,0.020846,0.009877,0.013648,0.012952,0.013806,0.012501,0.012320,0.014916,0.018177,0.020822,0.018260,0.022524,0.028630,0.019961,0.027867,0.023599,0.031089,0.035225,0.036850,0.037332,0.042987,0.047792,0.042425,0.041771,0.027312,0.025511,0.032609,0.028065,0.026378,0.020326,0.018079,0.018417,0.018624,0.017086,0.013002,0.011944,0.012119,0.008151,0.011548,0.012845,0.016370,0.016693,0.015437,0.013760,0.012090,0.011904,0.010101,0.009286,0.007013,0.553312,1.194262,1.427131,0.982053,0.485066,0.122074,0.113506,0.118287,0.091169,0.060254,0.048028,0.039787,0.039552,0.029357,0.022655,0.018758,0.018954,0.015817,0.013713,0.014599,0.015616,0.012015,0.009326,0.010015,0.010962,0.009252,0.008044,0.007699,0.007435,0.006466,0.006158,0.006230,0.006838,0.007084,0.006837,0.005705,0.005577,0.005841,0.006130,0.005441,0.004664,0.005135,0.005669,0.005256,0.004527,0.004741,0.005267,0.005537,0.005179,0.005003,0.032085,0.040382,0.805035,0.070333,0.531727,0.052299,0.093219,0.205475,0.089061,0.039010,0.045175,0.923403,0.048839,0.061300,0.184498,0.199825,0.235186,0.091306,0.282836,0.079319,0.868648,0.054652,0.076974,0.179725,0.144985,0.057018,0.306063,0.199883,0.187139,0.118365,0.055592,0.852648,0.048498,0.147074,0.329421,0.220027,0.260538,0.255683,0.262147,0.297803,0.299979,0.406402,0.400363,0.457883,0.290233,0.467509,0.085514,0.175777,0.307655,0.317009,0.383486,0.285043,0.087597,0.558650,0.209609,0.305518,0.190005,0.084157,0.887581,0.045113,0.071479,0.076608,0.136823,0.307252,0.475951,0.577945,0.394274,0.313900,0.165127,0.115166,0.094530,0.203938,0.518013,0.098974,0.324997,0.339842,0.288014,0.151726,0.103548,0.106465,0.610505,0.056229,5.107847,0.546880,0.547881,1.001829,0.928858,0.546429
130,498,0.949799,0.931727,0.945783,8717.396015,27,24,517.978860,78.957721,0.397657,25.180812,0.768519,1.109306,0.976227,1.116627,26.383466,24.207733,-73.719656,82.769553,0.808325,5396642.135924,19.920000,25,27,0.961429,2251.317034,27.802482,24.000000,0.160583,0.000190,0.000042,0.000000,0.000000,0.000000,0.000000,1,1.951794,0.617569,0.685549,-0.498816,498,8717.396015,517.978860,78.957721,26.383466,24.207733,82.769553,2251.317034,57.257540,107.594378,6.008950,0.047998,-0.998478,0.020911,0.014218,0.016695,0.016317,0.017444,0.015176,0.014840,0.015469,0.017262,0.016787,0.013139,0.016364,0.024418,0.017193,0.030376,0.028064,0.036030,0.038889,0.034318,0.032373,0.033081,0.043572,0.038593,0.041854,0.026072,0.023442,0.033058,0.028217,0.028610,0.020213,0.016699,0.015664,0.015657,0.013827,0.010794,0.011416,0.012716,0.008132,0.013095,0.012586,0.015074,0.015519,0.015831,0.017697,0.017043,0.017146,0.014722,0.013946,0.010348,0.561575,1.268340,1.502461,1.017937,0.594524,0.227401,0.098573,0.091680,0.078847,0.052685,0.043253,0.033546,0.027428,0.021648,0.022993,0.019778,0.015024,0.012353,0.012751,0.011943,0.010050,0.008895,0.008958,0.007924,0.006962,0.007131,0.007432,0.006212,0.005555,0.005970,0.006210,0.004990,0.004352,0.004984,0.005221,0.004042,0.003762,0.004418,0.004686,0.004067,0.003530,0.003968,0.004500,0.004487,0.003963,0.003733,0.003498,0.003248,0.003381,0.004047,0.035454,0.024867,0.863196,0.065303,0.430990,0.038316,0.112205,0.205534,0.081827,0.029997,0.026465,0.941707,0.041045,0.068109,0.137677,0.192316,0.206534,0.081643,0.283601,0.064406,0.911727,0.048257,0.081820,0.145101,0.117310,0.042684,0.196248,0.186008,0.181063,0.153657,0.045675,0.814567,0.058794,0.172662,0.380254,0.255998,0.214135,0.221212,0.264494,0.279571,0.367240,0.349002,0.395225,0.482417,0.333906,0.438664,0.062365,0.149892,0.291138,0.348295,0.336975,0.235702,0.088501,0.631031,0.231258,0.347748,0.273605,0.064888,0.840982,0.057725,0.054222,0.080758,0.162701,0.289600,0.472449,0.583252,0.416293,0.318885,0.115608,0.069595,0.105073,0.220226,0.409546,0.098657,0.300555,0.388285,0.306151,0.134236,0.075974,0.103989,0.673128,0.072692,6.016705,0.874264,0.880034,1.006600,0.953946,0.737778
131,15682,0.813525,0.527400,0.821946,771826.799487,236,129,19777.622374,574.244749,0.885412,141.304432,0.515110,8.415839,29.931710,8.784841,217.018361,100.871474,76.260241,834.180808,0.943464,40361732.827579,62.673232,117,237,0.792916,50156.276323,238.295977,114.762600,0.228241,0.021651,0.000940,0.000053,0.000000,0.000006,-0.000000,1,2.336897,0.681687,0.665569,0.280587,15682,771826.799487,19777.622374,574.244749,217.018361,100.871474,834.180808,50156.276323,71.689135,113.047507,7.289105,0.073247,1.096326,0.006958,0.006569,0.009015,0.008411,0.008390,0.007283,0.007661,0.008819,0.009446,0.007330,0.005048,0.006806,0.008131,0.006690,0.008187,0.008127,0.010212,0.009231,0.007654,0.009907,0.015859,0.017891,0.036930,0.059549,0.035938,0.030980,0.048130,0.051816,0.066100,0.064083,0.040408,0.050044,0.047245,0.041209,0.030508,0.032201,0.025198,0.015390,0.019462,0.016543,0.017831,0.017811,0.014349,0.011639,0.010553,0.009124,0.007427,0.007141,0.005725,17.819362,2.547389,0.655337,0.249670,0.236096,0.191222,0.124577,0.069352,0.059815,0.051149,0.046383,0.039023,0.034977,0.030377,0.027206,0.019013,0.018273,0.015917,0.016277,0.019009,0.013090,0.011228,0.011424,0.010282,0.010987,0.009478,0.009349,0.008378,0.007967,0.007408,0.007968,0.008175,0.007099,0.006952,0.006748,0.005946,0.005896,0.005492,0.005503,0.005622,0.005955,0.006019,0.005914,0.005685,0.005547,0.005212,0.004871,0.005172,0.005392,0.005367,0.216471,0.443482,0.526961,0.083347,0.307983,0.367578,0.448815,0.175823,0.097537,0.175030,0.357324,0.572381,0.093039,0.129295,0.357931,0.557726,0.197680,0.102173,0.243670,0.179578,0.753384,0.131048,0.136073,0.286131,0.362454,0.144684,0.266310,0.271181,0.552458,0.221199,0.080445,0.289162,0.391388,0.518073,0.207547,0.132577,0.208037,0.445793,0.294068,0.132312,0.154527,0.395460,0.625911,0.252735,0.134534,0.263124,0.335430,0.348452,0.175683,0.200860,0.417505,0.595615,0.213141,0.226114,0.249113,0.609406,0.359393,0.118165,0.396841,0.264235,0.379391,0.167003,0.155920,0.177657,0.491659,0.624702,0.146866,0.136362,0.251423,0.408928,0.219687,0.132643,0.194737,0.275870,0.661369,0.185526,0.152359,0.240474,0.493508,0.231753,0.189323,0.022536,18.799282,3.407200,3.556592,1.043846,0.688394,0.565293
132,662,0.764706,0.285068,0.904977,6320.911619,46,24,911.691644,113.383288,0.910477,29.032475,0.599638,2.065405,4.834975,1.039279,49.562338,20.497008,-86.090891,136.775649,0.777230,7895106.260070,12.192281,24,46,0.726123,2160.667298,46.528705,23.491839,0.271168,0.036848,0.000610,0.000133,-0.000000,-0.000014,-0.000000,1,2.341689,0.680994,0.658055,0.222579,662,6320.911619,911.691644,113.383288,49.562338,20.497008,136.775649,2160.667298,65.011345,104.028701,6.541955,0.061031,-0.370974,0.014371,0.009504,0.013539,0.014024,0.015999,0.013460,0.013407,0.015741,0.018300,0.018126,0.015503,0.017240,0.019802,0.013985,0.018031,0.014792,0.017263,0.020651,0.023169,0.027081,0.038000,0.057279,0.054578,0.065977,0.052767,0.038625,0.041301,0.036342,0.032259,0.023786,0.019583,0.017757,0.016925,0.015597,0.013098,0.016130,0.018415,0.010427,0.012876,0.010746,0.011848,0.012244,0.010693,0.009725,0.009243,0.009753,0.008676,0.009103,0.006629,0.605943,1.027520,0.984342,0.745770,0.506954,0.228437,0.124287,0.058289,0.047189,0.043384,0.046072,0.047993,0.040034,0.024286,0.017530,0.014814,0.017526,0.016141,0.012805,0.010580,0.011918,0.011277,0.010046,0.009991,0.010514,0.009405,0.008287,0.007495,0.007512,0.007586,0.007151,0.005659,0.005044,0.005879,0.006731,0.005827,0.005921,0.006821,0.006852,0.006610,0.005281,0.004821,0.005286,0.005286,0.004558,0.004319,0.004662,0.005988,0.006519,0.005794,0.067924,0.035479,0.814280,0.057566,0.442918,0.051428,0.264387,0.198957,0.139477,0.058203,0.032207,0.830558,0.046834,0.122844,0.152668,0.432715,0.249845,0.124462,0.204300,0.075434,0.868228,0.059975,0.143437,0.165077,0.244664,0.120637,0.270027,0.198687,0.303248,0.413155,0.058045,0.715617,0.047368,0.262512,0.257300,0.212197,0.159903,0.331959,0.694405,0.234245,0.191135,0.205672,0.378719,0.274545,0.171831,0.464694,0.170229,0.488038,0.341266,0.299166,0.299455,0.270826,0.154781,0.352075,0.154402,0.334889,0.460982,0.083253,0.793042,0.058780,0.062350,0.062411,0.066465,0.150291,0.420027,0.839300,0.273352,0.072372,0.065911,0.066724,0.064731,0.060134,0.579098,0.215394,0.553027,0.364201,0.119366,0.105802,0.110500,0.092518,0.365450,0.035387,4.840043,4.652239,2.340933,0.503184,0.828973,0.600543
133,2209,0.873469,0.377324,0.878912,38368.967551,121,38,2806.888555,259.777111,0.953424,53.033821,0.480426,2.540889,17.912664,2.430943,99.748246,30.087400,-81.497247,281.243687,0.865553,14696513.218701,22.136082,33,123,0.786992,7207.809990,123.972456,33.483240,0.306984,0.065425,0.000328,0.000323,0.000000,0.000078,0.000000,1,2.686725,0.819013,0.733686,0.562739,2209,38368.967551,2806.888555,259.777111,99.748246,30.087400,281.243687,7207.809990,62.643951,108.111363,6.730209,0.056915,0.788790,0.011055,0.002978,0.003821,0.004151,0.004812,0.004685,0.004921,0.005650,0.006586,0.007678,0.008680,0.011392,0.015364,0.013159,0.020507,0.026377,0.053418,0.068626,0.061849,0.059291,0.064515,0.068776,0.050496,0.052694,0.046673,0.035310,0.059715,0.055762,0.038857,0.026410,0.017900,0.012320,0.011920,0.010956,0.008250,0.006900,0.006282,0.004193,0.004988,0.003871,0.003656,0.003576,0.003242,0.003096,0.003160,0.003493,0.003103,0.003177,0.002762,2.708503,2.615844,1.672417,0.551356,0.245867,0.162570,0.133940,0.083515,0.063710,0.056880,0.050183,0.043251,0.035458,0.028980,0.030349,0.021991,0.019008,0.018412,0.016338,0.013315,0.013423,0.011208,0.009902,0.010208,0.009206,0.008144,0.008974,0.007797,0.007258,0.007565,0.006973,0.006335,0.006776,0.006471,0.006141,0.005908,0.006237,0.005869,0.005287,0.005133,0.005251,0.004950,0.004486,0.004864,0.005271,0.005160,0.005054,0.005268,0.005173,0.004956,0.060833,0.061160,0.845697,0.084513,0.349547,0.054487,0.147876,0.344453,0.067424,0.052881,0.122357,0.818053,0.078563,0.058388,0.139596,0.411552,0.334617,0.051074,0.181166,0.146386,0.835500,0.094580,0.074969,0.150659,0.390190,0.174313,0.166708,0.075189,0.314968,0.453553,0.121418,0.412113,0.100460,0.352874,0.596703,0.119097,0.048608,0.262980,0.598417,0.188561,0.062974,0.161465,0.539921,0.457519,0.062812,0.238255,0.203895,0.616406,0.251886,0.103198,0.187525,0.518404,0.322187,0.199738,0.075564,0.415901,0.572547,0.126626,0.498136,0.129621,0.313577,0.317485,0.115768,0.051351,0.317061,0.808982,0.223817,0.070320,0.116557,0.305050,0.272656,0.079758,0.310600,0.165781,0.718190,0.302453,0.122533,0.113827,0.192894,0.284248,0.350417,0.027927,7.854399,7.368606,7.049762,0.956729,0.923673,0.543237
134,27707,0.666655,0.297113,0.665392,1494610.422508,446,191,51613.559089,1012.118177,0.927566,187.823449,0.325253,26.513725,56.560770,25.733395,351.678401,131.407542,-87.598011,1559.195093,0.951443,71103289.369956,68.689972,190,445,0.536816,88867.776438,447.006261,188.134877,0.317926,0.057612,0.003095,0.000109,0.000000,-0.000020,-0.000000,1,2.916391,0.807469,0.749373,0.577584,27707,1494610.422508,51613.559089,1012.118177,351.678401,131.407542,1559.195093,88867.776438,73.071396,125.603674,7.181168,0.075883,-0.766308,0.008468,0.008103,0.009661,0.008062,0.010421,0.008746,0.008741,0.006762,0.008111,0.009345,0.009963,0.013910,0.013832,0.016302,0.019588,0.016019,0.023240,0.024049,0.021558,0.021002,0.021262,0.023355,0.046680,0.107416,0.131309,0.044661,0.041765,0.027647,0.020723,0.014407,0.012090,0.011299,0.013033,0.012756,0.013290,0.017949,0.023813,0.021454,0.026548,0.013558,0.012462,0.012161,0.011821,0.011058,0.011045,0.011593,0.008700,0.010257,0.008472,21.724389,1.154049,0.698834,0.343317,0.272503,0.170155,0.131549,0.088637,0.069827,0.060185,0.047362,0.038781,0.036621,0.030000,0.025488,0.022122,0.020659,0.017355,0.015125,0.013359,0.012841,0.011562,0.011341,0.010440,0.009693,0.008823,0.008989,0.008288,0.008290,0.008067,0.008509,0.007641,0.007331,0.006809,0.006757,0.006455,0.006311,0.006283,0.005713,0.005528,0.005388,0.005529,0.005312,0.005284,0.005517,0.005434,0.005569,0.005461,0.005407,0.005432,0.111993,0.175415,0.749410,0.162497,0.262966,0.117167,0.376905,0.359574,0.120151,0.186187,0.242648,0.679239,0.192285,0.183708,0.261260,0.404540,0.344361,0.154512,0.214061,0.245012,0.708562,0.208982,0.223074,0.323364,0.321307,0.254631,0.161279,0.171731,0.344290,0.520697,0.237644,0.280337,0.182262,0.447574,0.418712,0.192153,0.169266,0.364829,0.511909,0.260470,0.178160,0.239308,0.475403,0.403889,0.173810,0.194727,0.304457,0.466927,0.341372,0.250410,0.313017,0.451131,0.366514,0.190511,0.150229,0.352953,0.574499,0.174663,0.265645,0.180638,0.557695,0.231467,0.156525,0.139858,0.353020,0.623121,0.208517,0.131480,0.185573,0.535157,0.263589,0.128302,0.156478,0.300062,0.617659,0.261940,0.165125,0.210278,0.511158,0.288539,0.139076,0.011397,17.770066,2.197952,2.133264,0.970569,0.649129,0.327735
135,2813,0.908541,0.849110,0.916014,121449.914097,72,58,3285.758982,205.517964,0.557679,59.846661,0.673611,2.105951,3.486441,2.112381,66.549302,55.239684,-76.551717,247.208153,0.912383,11598546.242038,47.627119,59,70,0.856119,14479.762317,75.152714,57.920851,0.166139,0.000936,0.000036,0.000003,-0.000000,0.000000,-0.000000,1,1.935548,0.639780,0.702787,-0.374765,2813,121449.914097,3285.758982,205.517964,66.549302,55.239684,247.208153,14479.762317,66.034987,114.255244,6.693175,0.062846,0.764436,0.010794,0.016517,0.014685,0.011426,0.012553,0.011488,0.010078,0.008746,0.010043,0.013984,0.018110,0.025453,0.031486,0.020241,0.024522,0.017025,0.015951,0.015148,0.013456,0.016458,0.020294,0.031601,0.039069,0.047132,0.032899,0.031415,0.039431,0.033207,0.033968,0.027556,0.022560,0.020901,0.023314,0.019874,0.013732,0.016576,0.020060,0.013938,0.018903,0.019335,0.021918,0.022239,0.020480,0.021011,0.020094,0.018244,0.014786,0.016117,0.011976,6.329757,5.473341,1.613082,0.462141,0.201525,0.158820,0.111958,0.082165,0.068658,0.061961,0.055642,0.039546,0.035225,0.032578,0.027647,0.022327,0.019625,0.018617,0.016810,0.015539,0.013578,0.013208,0.011571,0.010994,0.010395,0.010492,0.009087,0.009430,0.009584,0.008643,0.007476,0.007567,0.007225,0.007170,0.007133,0.006498,0.006578,0.007150,0.006236,0.005762,0.006159,0.006391,0.006128,0.006441,0.005815,0.005591,0.005720,0.005713,0.005346,0.005269,0.087552,0.068354,0.719060,0.209058,0.510272,0.074746,0.118887,0.327661,0.198615,0.099780,0.094083,0.760905,0.246114,0.137839,0.183794,0.285919,0.396099,0.224097,0.319750,0.114221,0.776253,0.128574,0.153227,0.236867,0.266141,0.156123,0.301368,0.226481,0.194481,0.169699,0.300027,0.681721,0.098218,0.113228,0.396765,0.383974,0.229833,0.251738,0.286404,0.464799,0.295026,0.252970,0.258012,0.455122,0.401246,0.409000,0.185284,0.272702,0.336663,0.345491,0.340993,0.309612,0.201510,0.488439,0.241522,0.381874,0.222300,0.155334,0.761739,0.116329,0.156689,0.219623,0.236065,0.240166,0.444035,0.523877,0.401188,0.275623,0.172158,0.250130,0.285565,0.245019,0.413898,0.181825,0.465262,0.393278,0.286659,0.169920,0.236708,0.173499,0.476771,0.046030,11.379075,1.650479,1.655518,1.003053,0.831356,0.680387
136,502,0.944223,0.924303,0.932271,8854.971593,28,24,522.548526,80.097051,0.402488,25.281738,0.747024,1.321438,0.778082,1.062813,26.556824,24.310784,89.560923,83.597980,0.822944,4605827.724335,20.916667,24,28,0.960676,2193.745878,28.861734,24.000000,0.161068,0.000202,0.000038,0.000000,0.000000,0.000000,-0.000000,1,1.961240,0.618208,0.682812,-0.479797,502,8854.971593,522.548526,80.097051,26.556824,24.310784,83.597980,2193.745878,56.844530,107.354582,5.936671,0.047341,-1.041854,0.022769,0.013724,0.015382,0.014650,0.016335,0.013529,0.011450,0.011374,0.012644,0.014182,0.014900,0.022189,0.031479,0.022303,0.031834,0.027133,0.033400,0.035609,0.034604,0.032829,0.034569,0.040054,0.035040,0.034172,0.023695,0.020779,0.025438,0.023705,0.022990,0.016941,0.014468,0.015325,0.016235,0.016824,0.015063,0.017615,0.021163,0.014568,0.020371,0.018639,0.020788,0.018929,0.014655,0.014319,0.014566,0.018258,0.016897,0.014541,0.009845,0.709159,1.500987,1.745065,1.157779,0.541524,0.139095,0.131843,0.122382,0.082844,0.046034,0.046454,0.043124,0.034947,0.024132,0.023364,0.021810,0.019332,0.015688,0.013971,0.012844,0.012401,0.010769,0.009566,0.009010,0.008948,0.008022,0.007188,0.006857,0.007209,0.006523,0.005659,0.005312,0.005593,0.005730,0.005254,0.004503,0.004787,0.005091,0.004830,0.004495,0.004541,0.004868,0.004681,0.004469,0.004501,0.004754,0.004975,0.004871,0.004361,0.004516,0.034451,0.044492,0.820055,0.065127,0.498986,0.043913,0.140063,0.199046,0.099737,0.040495,0.049453,0.925265,0.042442,0.086409,0.157700,0.236354,0.199985,0.099012,0.261536,0.075978,0.891106,0.056025,0.083622,0.161964,0.135210,0.045770,0.273888,0.213715,0.246916,0.140394,0.057809,0.826742,0.069497,0.194821,0.325330,0.195385,0.278891,0.317113,0.300838,0.284544,0.350418,0.330663,0.443342,0.409591,0.231812,0.558368,0.081448,0.227841,0.310729,0.358615,0.347049,0.267432,0.099013,0.450280,0.230884,0.335859,0.214852,0.087037,0.868004,0.074398,0.058880,0.080457,0.106043,0.336802,0.493850,0.549728,0.391887,0.347780,0.132746,0.102378,0.120020,0.153093,0.595986,0.121658,0.316203,0.354347,0.315107,0.139435,0.129477,0.105247,0.507812,0.071831,6.004930,0.732097,0.588815,0.804285,0.958122,0.747024
137,5843,0.861578,0.645626,0.848370,187435.274734,112,103,7907.521376,336.042753,0.804065,86.252760,0.506501,5.006698,10.813151,5.528987,116.019928,68.978574,-46.009918,455.836616,0.919938,21288655.458591,40.855409,99,118,0.738917,18882.216804,123.418523,83.521208,0.194844,0.008662,0.000406,0.000016,0.000000,0.000001,0.000000,1,2.100223,0.676303,0.697800,-0.120430,5843,187435.274734,7907.521376,336.042753,116.019928,68.978574,455.836616,18882.216804,68.311032,120.159678,7.037497,0.066958,0.547554,0.008654,0.008917,0.015433,0.015732,0.017079,0.017405,0.017641,0.018587,0.021366,0.018198,0.014829,0.024123,0.048366,0.036866,0.057762,0.041786,0.034685,0.030676,0.024282,0.017116,0.016777,0.026552,0.029299,0.034554,0.025015,0.028754,0.030974,0.027507,0.021588,0.021649,0.019531,0.016896,0.016778,0.015677,0.011265,0.017402,0.019710,0.013549,0.014335,0.013602,0.014748,0.012876,0.009646,0.012360,0.011228,0.010254,0.009806,0.009243,0.007576,10.445100,3.509525,0.604128,0.353069,0.273052,0.131534,0.130811,0.101222,0.075070,0.053640,0.052281,0.041879,0.033085,0.029554,0.022888,0.022149,0.018346,0.016600,0.015352,0.015236,0.018744,0.011905,0.010317,0.010514,0.010249,0.008744,0.009685,0.007424,0.007921,0.007988,0.007143,0.007360,0.006956,0.006927,0.006946,0.005879,0.005912,0.005436,0.005163,0.005136,0.004638,0.005033,0.005450,0.005393,0.004980,0.005490,0.005563,0.005797,0.005283,0.005596,0.089283,0.176903,0.737445,0.125753,0.463795,0.084453,0.281629,0.286548,0.132030,0.131614,0.204988,0.713123,0.199500,0.161900,0.125545,0.416749,0.396129,0.140503,0.340651,0.182529,0.689091,0.211991,0.252053,0.184986,0.319096,0.266520,0.245453,0.169675,0.220104,0.430577,0.326884,0.495577,0.082522,0.298775,0.461838,0.274859,0.225324,0.273815,0.505861,0.403055,0.231556,0.167683,0.359848,0.409487,0.277487,0.420933,0.264689,0.383028,0.390490,0.347238,0.240141,0.292013,0.243998,0.361267,0.145040,0.118519,0.302706,0.513560,0.494368,0.080658,0.115961,0.514875,0.283006,0.193741,0.209239,0.408395,0.584866,0.188998,0.161439,0.188446,0.473451,0.297283,0.442914,0.284852,0.380123,0.376686,0.227293,0.268365,0.260277,0.242622,0.431287,0.028120,12.818189,1.955720,2.159737,1.104318,0.737200,0.499058
138,2008,0.924937,0.819647,0.953149,74662.829206,55,54,2199.169154,167.338309,0.660979,50.563475,0.676094,1.563041,3.959178,1.132058,59.241918,44.455401,-42.686449,193.237590,0.901433,9535474.713161,42.234043,47,56,0.913072,9367.561567,61.072806,46.293907,0.170666,0.002275,0.000034,0.000004,-0.000000,-0.000000,-0.000000,1,2.013238,0.627422,0.681952,-0.328940,2008,74662.829206,2199.169154,167.338309,59.241918,44.455401,193.237590,9367.561567,70.096863,93.291833,7.043191,0.070256,3.315026,0.009462,0.019208,0.025759,0.024591,0.027394,0.023686,0.024513,0.028019,0.027799,0.029332,0.026468,0.036799,0.040395,0.020528,0.022945,0.014326,0.014155,0.016709,0.016803,0.018486,0.020741,0.024343,0.023750,0.029226,0.025862,0.023696,0.026700,0.023145,0.024030,0.020699,0.019359,0.016309,0.014013,0.011648,0.009981,0.013592,0.015725,0.010428,0.015723,0.014795,0.017557,0.020676,0.020777,0.018108,0.016050,0.018255,0.017250,0.016239,0.013412,4.527112,4.972563,1.979635,0.515314,0.315072,0.160099,0.124310,0.113604,0.068303,0.050292,0.055910,0.039779,0.035374,0.028171,0.023379,0.021959,0.017603,0.015712,0.014779,0.014107,0.013781,0.012517,0.009931,0.010943,0.009884,0.008411,0.008678,0.006991,0.007190,0.007444,0.006867,0.006590,0.006196,0.005799,0.006571,0.006107,0.005892,0.005492,0.005026,0.004797,0.004871,0.004559,0.004315,0.005257,0.005251,0.004957,0.004715,0.004835,0.004973,0.004838,0.066943,0.065283,0.743204,0.131558,0.485243,0.063989,0.080622,0.352826,0.225953,0.084644,0.092490,0.772919,0.131771,0.222541,0.239595,0.284996,0.359492,0.228310,0.277198,0.119407,0.783137,0.093676,0.215721,0.264617,0.288624,0.086578,0.281896,0.325291,0.258685,0.173959,0.227455,0.719419,0.095607,0.095340,0.282462,0.360125,0.338563,0.233105,0.179812,0.557058,0.416526,0.232007,0.091380,0.261769,0.429179,0.356154,0.090193,0.121116,0.515727,0.428040,0.271147,0.093449,0.107439,0.554399,0.308595,0.397292,0.234326,0.182016,0.753275,0.145546,0.187156,0.126494,0.138754,0.346803,0.426316,0.396290,0.571839,0.238333,0.135942,0.218492,0.171868,0.247739,0.355107,0.129441,0.289270,0.560964,0.219359,0.095814,0.172828,0.179682,0.582521,0.053775,10.391353,3.497328,2.532997,0.724266,0.865972,0.754179
139,2919,0.750342,0.420890,0.781849,54797.285599,128,42,3587.770226,278.540452,0.958891,60.963811,0.542969,4.569035,17.857284,4.072889,122.389478,34.730904,-80.118246,323.385822,0.885649,17292951.227383,23.921319,39,128,0.813597,9334.987266,130.049300,38.637496,0.346434,0.086906,0.005368,0.003632,0.000016,0.001033,-0.000000,1,2.642469,0.764970,0.686978,0.562823,2919,54797.285599,3587.770226,278.540452,122.389478,34.730904,323.385822,9334.987266,72.462026,121.513189,6.946637,0.074716,0.301078,0.009221,0.004737,0.006434,0.007206,0.009119,0.009040,0.008945,0.007936,0.007979,0.009610,0.009033,0.011565,0.015560,0.010857,0.016773,0.016460,0.022689,0.030287,0.045069,0.051624,0.055264,0.069262,0.069045,0.087849,0.058179,0.034742,0.042777,0.032464,0.038699,0.031607,0.024727,0.022094,0.017614,0.014515,0.009876,0.008544,0.009745,0.006771,0.007663,0.006734,0.007370,0.007113,0.005976,0.006056,0.005348,0.005219,0.004881,0.004772,0.004170,3.453544,2.959081,1.752605,0.625670,0.340794,0.221023,0.119249,0.071773,0.065819,0.050543,0.045549,0.039882,0.032561,0.025285,0.020447,0.021673,0.020209,0.016081,0.014616,0.013341,0.010981,0.010933,0.011367,0.009920,0.009952,0.008422,0.007119,0.006765,0.007299,0.007064,0.007193,0.006440,0.006215,0.005790,0.005417,0.005481,0.005154,0.004666,0.004746,0.005119,0.004892,0.005151,0.005077,0.004396,0.004273,0.004267,0.004319,0.004338,0.004267,0.004372,0.060054,0.080072,0.876258,0.090785,0.353649,0.066527,0.110542,0.246981,0.105824,0.053505,0.091098,0.852800,0.080327,0.070612,0.079917,0.425654,0.233991,0.088380,0.199187,0.108835,0.846869,0.070858,0.076268,0.128748,0.419506,0.087624,0.142175,0.126690,0.321665,0.420702,0.163573,0.503534,0.124102,0.313511,0.506970,0.229082,0.075097,0.227764,0.603782,0.162074,0.077639,0.104887,0.591107,0.396797,0.166666,0.242653,0.149601,0.584893,0.208251,0.112635,0.175950,0.618798,0.234643,0.227281,0.136070,0.406435,0.506537,0.169556,0.524735,0.133710,0.335331,0.311961,0.167253,0.092782,0.303795,0.795527,0.163104,0.069276,0.104806,0.360418,0.272294,0.140727,0.247981,0.146996,0.778224,0.234406,0.103161,0.115787,0.302066,0.262862,0.268195,0.027912,9.026370,4.384427,3.908327,0.891411,0.861325,0.584936
140,1488,0.873069,0.731363,0.856951,27211.200496,61,46,1791.582144,159.164287,0.759827,43.526778,0.530292,2.510505,5.165928,2.392532,55.371138,35.998200,71.629079,174.302561,0.872946,11566196.854712,23.303598,41,61,0.830551,4835.442581,63.157560,37.883834,1.048141,0.932689,0.993686,0.910319,0.865789,0.877643,-0.003046,2,2.125262,0.658303,0.703256,-0.137750,1981,35595.325890,2309.384409,237.768818,80.971021,60.686961,256.728968,6987.177603,72.345324,119.901060,6.214921,0.074494,0.035196,0.019212,0.015594,0.022788,0.024618,0.024398,0.021452,0.019714,0.017771,0.020027,0.020535,0.017342,0.017773,0.016045,0.009677,0.013604,0.013216,0.016690,0.018786,0.019099,0.023280,0.026979,0.029645,0.025652,0.018685,0.013638,0.015704,0.020986,0.021327,0.031060,0.033547,0.031584,0.037790,0.042253,0.041646,0.025156,0.029686,0.019554,0.013562,0.017329,0.017200,0.017190,0.018537,0.014834,0.013756,0.013478,0.015427,0.014137,0.014620,0.012627,2.477344,3.291807,1.444574,0.480476,0.305303,0.117902,0.124523,0.121811,0.066147,0.044062,0.057240,0.049967,0.031887,0.026311,0.030400,0.024372,0.017840,0.018309,0.017470,0.017105,0.015495,0.009836,0.011953,0.012374,0.010537,0.009806,0.010133,0.008917,0.007056,0.007598,0.007486,0.007664,0.007260,0.006902,0.006339,0.006596,0.006025,0.005598,0.005886,0.005672,0.005086,0.005694,0.005444,0.005080,0.005601,0.005455,0.005066,0.005086,0.005214,0.005528,0.113101,0.126903,0.761997,0.148341,0.542523,0.137488,0.134221,0.157394,0.111516,0.109982,0.124006,0.913053,0.173879,0.169150,0.191579,0.146243,0.109994,0.099126,0.331112,0.122969,0.837742,0.108443,0.119326,0.113872,0.116953,0.107665,0.330448,0.151878,0.201605,0.239612,0.198828,0.858081,0.158554,0.171956,0.166662,0.143366,0.289444,0.347989,0.299839,0.282627,0.285205,0.321653,0.475460,0.396522,0.239268,0.573562,0.229491,0.180573,0.166800,0.203679,0.282417,0.347711,0.267085,0.494418,0.140970,0.176039,0.174421,0.157434,0.889450,0.164749,0.167362,0.163042,0.145162,0.318000,0.477936,0.348877,0.205805,0.248210,0.272066,0.439422,0.355878,0.225858,0.501708,0.329859,0.296035,0.193842,0.239886,0.245990,0.352625,0.259053,0.452505,0.048977,8.536880,2.159189,2.057725,0.953008,0.926147,0.595362
141,2384,0.816198,0.555183,0.831305,47972.465034,103,43,3202.447395,234.894789,0.897139,55.094492,0.538270,3.141937,11.640071,2.800764,86.391048,38.163040,-84.632311,283.758405,0.879138,13856986.329094,25.639067,43,104,0.744431,7772.500855,105.115348,43.000000,0.233748,0.024780,0.001027,0.000356,0.000000,0.000052,0.000000,1,2.537302,0.735012,0.716088,0.312173,2384,47972.465034,3202.447395,234.894789,86.391048,38.163040,283.758405,7772.500855,61.860507,89.346896,6.672523,0.055579,1.926199,0.012014,0.006028,0.007871,0.007858,0.009737,0.008866,0.008053,0.008514,0.010726,0.011947,0.012423,0.014841,0.018754,0.014723,0.020019,0.021457,0.042205,0.048381,0.044627,0.037659,0.043059,0.047308,0.046496,0.050621,0.041329,0.070491,0.080409,0.040155,0.023717,0.020803,0.016773,0.013841,0.013356,0.014029,0.013160,0.014306,0.013149,0.008006,0.008951,0.008009,0.008866,0.006947,0.005841,0.005980,0.005538,0.006125,0.006048,0.006373,0.005622,3.609069,3.374696,1.571048,0.379305,0.278247,0.151501,0.104240,0.072755,0.071498,0.063161,0.056516,0.039030,0.039794,0.031178,0.027211,0.022939,0.021966,0.018260,0.016111,0.014241,0.014225,0.012779,0.011384,0.012013,0.011225,0.008939,0.009237,0.009669,0.008592,0.008539,0.008965,0.007700,0.006797,0.007011,0.006810,0.006454,0.006352,0.006025,0.006437,0.006126,0.006058,0.006216,0.006306,0.006556,0.006527,0.006450,0.006159,0.005612,0.005645,0.005127,0.041880,0.071041,0.823393,0.091518,0.419756,0.061876,0.102950,0.327687,0.094050,0.039267,0.071607,0.848412,0.070185,0.061162,0.142698,0.320918,0.367486,0.080385,0.202654,0.099081,0.837744,0.073236,0.089815,0.185172,0.347378,0.167717,0.225343,0.130196,0.240366,0.230014,0.113139,0.631909,0.117489,0.244068,0.563590,0.263153,0.090010,0.258013,0.420162,0.162674,0.133585,0.229927,0.531691,0.583138,0.169913,0.302283,0.171976,0.444788,0.272869,0.199331,0.274577,0.555552,0.273212,0.329159,0.160492,0.453003,0.378563,0.094371,0.678923,0.147616,0.235730,0.195412,0.200826,0.115652,0.483392,0.728075,0.194716,0.134449,0.143055,0.286097,0.215099,0.135231,0.347725,0.201582,0.652408,0.340472,0.178865,0.124924,0.259611,0.181117,0.386127,0.029608,8.401513,4.156035,3.704744,0.891413,0.827799,0.532871
142,2736,0.849781,0.525219,0.896199,166130.037516,110,41,3252.495611,245.991221,0.912071,59.021889,0.606652,3.184340,15.282179,2.137665,94.514998,38.754266,-89.757905,289.793939,0.892937,14428290.371231,66.731707,41,110,0.841200,26470.744237,110.037689,41.000000,0.238285,0.028796,0.000697,0.000102,0.000000,0.000006,-0.000000,1,2.278772,0.745090,0.698572,0.303107,2736,166130.037516,3252.495611,245.991221,94.514998,38.754266,289.793939,26470.744237,61.395589,99.989401,6.686392,0.054793,1.767777,0.011459,0.004286,0.005004,0.005190,0.006086,0.005479,0.005868,0.005874,0.007356,0.007416,0.006710,0.008447,0.011128,0.011363,0.022316,0.024958,0.028541,0.033648,0.035137,0.044817,0.055114,0.085784,0.096243,0.073212,0.046791,0.038267,0.050846,0.040149,0.036198,0.024680,0.017754,0.017508,0.012166,0.009043,0.009996,0.011033,0.013231,0.009481,0.011670,0.009472,0.009258,0.008839,0.007044,0.005467,0.004804,0.005158,0.004039,0.003978,0.003154,4.302648,3.706433,1.672352,0.352211,0.298990,0.168144,0.108994,0.080294,0.055323,0.053912,0.051753,0.039795,0.040538,0.032928,0.026563,0.018155,0.016201,0.016147,0.015071,0.015540,0.016386,0.015518,0.013581,0.011718,0.011235,0.009588,0.008323,0.007591,0.008263,0.007970,0.007868,0.007408,0.007799,0.007065,0.006522,0.006411,0.005803,0.006104,0.006318,0.006029,0.005967,0.005709,0.005406,0.005197,0.004816,0.004871,0.005003,0.005178,0.004964,0.005098,0.084867,0.118926,0.840889,0.080553,0.400997,0.059917,0.175347,0.250639,0.084353,0.073098,0.135866,0.854205,0.079267,0.051012,0.152416,0.389997,0.241184,0.064396,0.218354,0.122142,0.853694,0.088294,0.069140,0.201873,0.324112,0.068755,0.213314,0.149298,0.360502,0.347571,0.083576,0.574029,0.112363,0.333676,0.489082,0.165167,0.121167,0.309036,0.518728,0.159004,0.075876,0.229727,0.585167,0.423182,0.124168,0.270503,0.156380,0.549695,0.226375,0.110404,0.315406,0.558016,0.167961,0.312570,0.120005,0.418462,0.419372,0.089760,0.662969,0.148409,0.254147,0.285688,0.137092,0.119384,0.360186,0.775768,0.175682,0.108172,0.142763,0.300209,0.293604,0.122152,0.325812,0.118551,0.706984,0.241297,0.120038,0.164180,0.319691,0.224075,0.357721,0.032579,9.441191,7.149007,4.799167,0.671305,0.848849,0.606652
143,2123,0.928234,0.800755,0.930123,85650.811311,51,62,2290.498616,175.997231,0.692866,51.991226,0.671410,1.890614,4.703187,1.703265,61.527196,44.365186,-32.468479,184.787843,0.912214,9138799.428157,47.066667,45,63,0.926872,10711.211846,69.201184,46.006694,0.169311,0.002860,0.000065,0.000004,0.000000,0.000000,0.000000,1,2.045189,0.639962,0.692692,-0.291496,2123,85650.811311,2290.498616,175.997231,61.527196,44.365186,184.787843,10711.211846,69.152618,99.344795,7.072995,0.068504,2.753928,0.008829,0.018393,0.023665,0.021772,0.026381,0.023054,0.025865,0.035370,0.043618,0.041478,0.030611,0.039581,0.048411,0.027191,0.029808,0.021738,0.029251,0.030795,0.026770,0.027146,0.022988,0.020146,0.014278,0.012975,0.008948,0.008024,0.010032,0.009882,0.012311,0.012739,0.015124,0.015660,0.013811,0.010586,0.013011,0.015503,0.013673,0.007147,0.009171,0.010966,0.014823,0.015586,0.017320,0.019049,0.021802,0.025125,0.023347,0.021069,0.014005,5.213784,5.734673,2.132370,0.628171,0.359183,0.143338,0.134657,0.090458,0.086179,0.058468,0.039055,0.035936,0.034410,0.031979,0.022632,0.019807,0.017681,0.018398,0.015708,0.013521,0.012050,0.010536,0.011801,0.010242,0.009790,0.007053,0.008450,0.007859,0.008406,0.007128,0.006761,0.006725,0.006471,0.006527,0.005999,0.005486,0.005605,0.005815,0.005861,0.005249,0.005048,0.005132,0.005460,0.005500,0.004995,0.004662,0.004655,0.004883,0.004360,0.004809,0.077538,0.096509,0.752773,0.116542,0.492815,0.094824,0.143148,0.325440,0.161746,0.081774,0.098120,0.775851,0.157692,0.202091,0.208038,0.270063,0.412423,0.172413,0.274520,0.103953,0.796679,0.142261,0.202697,0.196290,0.245862,0.215296,0.269220,0.266463,0.163265,0.174838,0.118385,0.710830,0.154552,0.233118,0.397607,0.340817,0.238190,0.140198,0.256618,0.420239,0.403619,0.198020,0.309384,0.494913,0.371992,0.354877,0.089958,0.203008,0.474511,0.436068,0.181046,0.237596,0.280735,0.491323,0.244493,0.485688,0.265127,0.107746,0.694454,0.120841,0.223213,0.214565,0.172323,0.229797,0.449774,0.443902,0.496581,0.245273,0.108774,0.252869,0.329035,0.238868,0.380001,0.085595,0.326471,0.577346,0.256580,0.096478,0.138892,0.233278,0.509419,0.062173,11.488851,2.761278,2.487650,0.900906,0.952429,0.747090
144,1451,0.929800,0.881624,0.931177,44700.936470,48,41,1578.736531,141.473063,0.518134,42.982212,0.737297,1.584271,2.540710,1.516350,46.822018,40.046845,74.446026,149.917785,0.892807,7780759.835931,33.790698,43,48,0.919089,6691.831561,49.406452,40.429705,0.163397,0.000642,0.000031,0.000001,-0.000000,0.000000,0.000000,1,1.956344,0.627663,0.697575,-0.440922,1451,44700.936470,1578.736531,141.473063,46.822018,40.046845,149.917785,6691.831561,71.263272,104.030324,6.922287,0.072442,1.288030,0.010057,0.011134,0.016028,0.016662,0.017883,0.015828,0.015643,0.018026,0.021582,0.023798,0.024880,0.026519,0.026482,0.018178,0.024202,0.020141,0.020797,0.021690,0.020513,0.022019,0.027580,0.037750,0.036243,0.044079,0.039594,0.038673,0.039948,0.032436,0.030015,0.022064,0.017124,0.015283,0.016029,0.013926,0.010815,0.011578,0.015397,0.013138,0.017609,0.014724,0.016250,0.016454,0.014245,0.015670,0.014738,0.014206,0.011779,0.011989,0.008659,3.020522,4.319895,2.344638,0.626361,0.290640,0.185805,0.147104,0.080119,0.067893,0.059113,0.049997,0.030590,0.032945,0.029578,0.022434,0.020819,0.018878,0.016775,0.014280,0.012191,0.013019,0.011457,0.009662,0.010264,0.008830,0.008334,0.007968,0.007662,0.007163,0.006227,0.007184,0.006275,0.005675,0.005842,0.005674,0.005566,0.005245,0.005833,0.005775,0.005201,0.005098,0.004887,0.004898,0.004790,0.004498,0.004561,0.004387,0.004536,0.004763,0.004233,0.124579,0.120168,0.780689,0.091699,0.469950,0.069932,0.190015,0.245918,0.172714,0.144033,0.146725,0.799573,0.130167,0.176855,0.210317,0.378077,0.239334,0.160407,0.316640,0.119451,0.806993,0.122281,0.186256,0.216733,0.280683,0.068332,0.232727,0.278007,0.496433,0.276408,0.132151,0.642898,0.087617,0.199957,0.174790,0.301446,0.281083,0.436473,0.474249,0.368084,0.319162,0.255477,0.307102,0.199404,0.262443,0.467084,0.119603,0.400707,0.395768,0.379931,0.292330,0.295526,0.154497,0.330632,0.190882,0.466630,0.292542,0.116269,0.731070,0.112430,0.231048,0.151520,0.152558,0.193449,0.445023,0.624974,0.369309,0.224058,0.141133,0.311644,0.205327,0.167767,0.488809,0.093370,0.517869,0.380735,0.243931,0.146972,0.257208,0.172642,0.402658,0.064560,9.678638,1.675543,1.603709,0.957128,0.943671,0.703973
145,2712,0.955064,0.855617,0.967219,118343.402562,54,64,2820.043200,189.086400,0.585728,58.762451,0.784722,1.001919,3.915926,0.977645,65.421951,53.024975,-14.591164,197.681241,0.924431,10069797.906324,49.363636,55,65,0.961687,12634.582622,67.742036,54.000000,0.163373,0.001144,0.000008,0.000000,-0.000000,-0.000000,-0.000000,1,1.941023,0.625986,0.686004,-0.392586,2712,118343.402562,2820.043200,189.086400,65.421951,53.024975,197.681241,12634.582622,65.980463,86.926254,7.031711,0.062749,3.648802,0.009223,0.025878,0.036792,0.032521,0.030668,0.025623,0.024364,0.023137,0.031450,0.032737,0.026466,0.041004,0.043054,0.021282,0.023945,0.015917,0.014175,0.013170,0.011831,0.012674,0.014921,0.020161,0.019794,0.023180,0.020249,0.028532,0.037024,0.031581,0.023556,0.014896,0.011181,0.010250,0.010176,0.010522,0.011374,0.011248,0.012851,0.010149,0.011903,0.009529,0.012584,0.014619,0.014125,0.015087,0.018742,0.025594,0.022800,0.025706,0.020977,7.127878,6.211736,1.738721,0.531240,0.259173,0.190408,0.129598,0.082874,0.070610,0.062312,0.046913,0.034836,0.032894,0.028550,0.023240,0.019926,0.019510,0.016905,0.014678,0.013704,0.012903,0.011574,0.010772,0.010187,0.009256,0.008781,0.008170,0.007260,0.007544,0.006900,0.006796,0.006188,0.006097,0.005703,0.005793,0.004887,0.005530,0.005099,0.004896,0.004539,0.004770,0.004684,0.004357,0.004685,0.004546,0.004541,0.004285,0.004426,0.004308,0.004385,0.075312,0.082581,0.681665,0.089992,0.547937,0.100106,0.167778,0.348021,0.234983,0.076978,0.110436,0.732113,0.117566,0.161895,0.357561,0.303752,0.349481,0.252201,0.305516,0.124238,0.724181,0.117912,0.169251,0.362267,0.243914,0.086597,0.354973,0.382768,0.200648,0.161906,0.095502,0.725596,0.125782,0.147115,0.265411,0.378810,0.324461,0.222080,0.247034,0.398009,0.400466,0.399267,0.212988,0.326119,0.393017,0.380236,0.136661,0.192568,0.445619,0.427324,0.421786,0.176104,0.164166,0.427332,0.374111,0.366127,0.299732,0.120066,0.737673,0.115785,0.176641,0.100780,0.151025,0.360420,0.408189,0.467536,0.525978,0.279495,0.129590,0.207023,0.202205,0.171982,0.397209,0.136944,0.300221,0.592149,0.307655,0.124712,0.144601,0.223940,0.448813,0.069400,13.719056,4.005467,3.908424,0.975772,0.956522,0.759441
146,1085,0.682364,0.650046,0.787627,25613.535804,48,44,1692.311865,148.623729,0.443902,37.168063,0.513731,3.191803,2.666657,2.008986,45.946838,41.171822,-13.158395,224.308658,0.778748,12406544.561881,21.660000,50,47,0.641135,5807.534709,51.894068,43.956277,0.219051,0.000573,0.000090,0.000306,0.000000,-0.000007,-0.000000,1,2.096349,0.658981,0.655175,-0.047600,1085,25613.535804,1692.311865,148.623729,45.946838,41.171822,224.308658,5807.534709,65.402126,72.928111,6.570579,0.061721,3.985083,0.015378,0.020413,0.030875,0.023593,0.020580,0.017257,0.016874,0.014875,0.015119,0.017033,0.019169,0.023363,0.030363,0.022869,0.035942,0.032896,0.036152,0.036506,0.031810,0.030043,0.032326,0.043047,0.030635,0.028058,0.019991,0.017057,0.026217,0.025546,0.023617,0.017312,0.013984,0.010612,0.010723,0.012634,0.014877,0.017096,0.018688,0.010597,0.011230,0.010387,0.010701,0.011118,0.011624,0.013595,0.013965,0.016437,0.018259,0.018111,0.015825,1.116774,1.556854,0.892457,0.279730,0.307056,0.187180,0.116705,0.107327,0.066639,0.033868,0.033744,0.032327,0.028508,0.025038,0.025051,0.018960,0.015120,0.014001,0.011592,0.011822,0.012383,0.012619,0.012682,0.010975,0.010311,0.009923,0.009131,0.006661,0.006332,0.007541,0.006894,0.007885,0.007103,0.006973,0.006845,0.005530,0.006882,0.006268,0.005657,0.005515,0.005451,0.006668,0.005541,0.005223,0.005295,0.005637,0.006005,0.006110,0.005899,0.004808,0.087835,0.103803,0.746747,0.093078,0.491358,0.061688,0.208210,0.318886,0.157914,0.086324,0.124613,0.807412,0.080713,0.137152,0.245761,0.348068,0.311716,0.145129,0.278437,0.112865,0.815822,0.065566,0.150758,0.271518,0.221884,0.062302,0.300508,0.297372,0.273125,0.238424,0.102071,0.692182,0.083756,0.221133,0.351758,0.333079,0.283531,0.276785,0.346007,0.365480,0.354104,0.333631,0.342242,0.359771,0.326248,0.378750,0.094817,0.231255,0.400414,0.410195,0.385632,0.240603,0.112159,0.496291,0.275996,0.364592,0.303146,0.094984,0.785461,0.094302,0.134287,0.094568,0.192771,0.309469,0.414261,0.541478,0.483868,0.299724,0.094063,0.188520,0.130481,0.232467,0.520134,0.093845,0.319817,0.501392,0.317108,0.108696,0.138240,0.145264,0.463024,0.021564,4.837085,1.327365,0.835470,0.629420,0.662586,0.460851
147,5431,0.900552,0.883794,0.907919,315479.257872,92,86,5989.898074,273.796149,0.464529,83.156262,0.686426,2.358096,2.544715,1.917715,89.518874,79.274142,40.100892,343.190909,0.935998,16211761.282634,62.413793,87,90,0.906693,26599.442590,92.913913,83.446652,0.164511,0.000396,0.000068,0.000005,-0.000000,-0.000000,0.000000,1,1.861524,0.627218,0.688089,-0.387446,5431,315479.257872,5989.898074,273.796149,89.518874,79.274142,343.190909,26599.442590,66.730749,86.018781,6.883546,0.064092,4.070883,0.010203,0.015160,0.020523,0.019690,0.021804,0.021170,0.023665,0.024541,0.028721,0.031713,0.023761,0.023147,0.025141,0.015286,0.019561,0.015336,0.022617,0.022480,0.017964,0.017938,0.021549,0.024752,0.024870,0.023910,0.019985,0.021044,0.024391,0.024053,0.025922,0.021591,0.018870,0.023761,0.022818,0.026361,0.019205,0.019060,0.025743,0.016089,0.021895,0.017748,0.019517,0.017714,0.018305,0.017841,0.015258,0.014537,0.015443,0.014275,0.013274,13.396616,4.961637,1.131418,0.373512,0.210317,0.152017,0.134414,0.094025,0.062435,0.056246,0.048016,0.037414,0.033509,0.030688,0.024807,0.022835,0.019773,0.018056,0.018363,0.016215,0.014215,0.012483,0.011116,0.010618,0.011112,0.010809,0.009760,0.009140,0.008313,0.008226,0.007691,0.007236,0.006979,0.006563,0.006290,0.005780,0.005952,0.005732,0.005974,0.005611,0.005300,0.005423,0.005480,0.005157,0.005352,0.005018,0.004682,0.004547,0.005083,0.004986,0.133060,0.100511,0.672332,0.135898,0.494970,0.104520,0.223875,0.350147,0.270278,0.088610,0.143593,0.703198,0.164910,0.093853,0.264077,0.452712,0.377885,0.153478,0.329887,0.143980,0.706820,0.136812,0.209309,0.343179,0.333296,0.124506,0.252907,0.394774,0.332763,0.236424,0.168034,0.662120,0.144557,0.177855,0.192699,0.348172,0.251876,0.462326,0.384648,0.415874,0.178765,0.264279,0.367522,0.330721,0.235919,0.421014,0.191602,0.198733,0.444672,0.448911,0.312505,0.245405,0.209515,0.381454,0.356196,0.444096,0.275825,0.135496,0.720858,0.126202,0.123544,0.119408,0.127979,0.225070,0.517059,0.608662,0.406854,0.116371,0.142427,0.234624,0.197473,0.134613,0.394727,0.175099,0.436520,0.515435,0.271684,0.143763,0.209624,0.188627,0.428141,0.046111,15.825011,1.326952,1.079140,0.813247,0.797795,0.693487
148,3016,0.391883,0.362941,0.693945,44398.702779,73,118,5328.630655,295.261311,0.909876,61.968463,0.350128,8.432328,12.501998,4.667529,126.202514,52.359018,-17.651500,418.587878,0.862009,18930252.194526,18.767475,64,119,0.565999,9865.783771,121.274297,60.844979,0.386736,0.074612,0.028737,0.003739,0.000002,-0.000242,-0.000039,1,2.541438,0.740756,0.684835,0.465879,3016,44398.702779,5328.630655,295.261311,126.202514,52.359018,418.587878,9865.783771,65.817132,163.893568,6.079797,0.062458,-4.624541,0.018196,0.016722,0.016714,0.017737,0.019506,0.018273,0.015752,0.017477,0.026431,0.028626,0.024896,0.023103,0.030881,0.025366,0.026631,0.022257,0.026644,0.029097,0.026012,0.025829,0.025927,0.031084,0.025077,0.021591,0.016636,0.012597,0.015652,0.016483,0.018824,0.020363,0.019542,0.015896,0.017276,0.018309,0.016364,0.020688,0.032022,0.021863,0.026577,0.019157,0.017313,0.020364,0.016359,0.016613,0.018868,0.019931,0.014449,0.013371,0.012851,3.493409,2.424497,1.095296,0.482471,0.278902,0.156469,0.099852,0.083437,0.072661,0.060688,0.052772,0.035402,0.030743,0.026223,0.028867,0.020334,0.020129,0.020575,0.017593,0.015512,0.016584,0.013373,0.012655,0.012420,0.010774,0.009446,0.008918,0.008708,0.008531,0.009269,0.008022,0.007405,0.007112,0.006999,0.006172,0.005786,0.006860,0.006433,0.006418,0.006109,0.005836,0.005405,0.005701,0.005665,0.005452,0.005506,0.005597,0.006138,0.005688,0.005749,0.104772,0.101926,0.588910,0.123604,0.755108,0.110831,0.103431,0.103156,0.112822,0.177282,0.238982,0.824056,0.140404,0.162271,0.247247,0.201934,0.210600,0.200209,0.390460,0.218407,0.693994,0.125461,0.144660,0.235362,0.179503,0.165527,0.408078,0.111043,0.139297,0.163451,0.129732,0.906670,0.125122,0.215248,0.156188,0.127612,0.258453,0.328662,0.410312,0.262569,0.274714,0.325643,0.428731,0.367717,0.295542,0.556732,0.223834,0.278998,0.183667,0.216153,0.246137,0.207772,0.228848,0.570550,0.135631,0.189781,0.217330,0.168965,0.859934,0.154214,0.233448,0.169658,0.152493,0.241870,0.333930,0.404596,0.329517,0.325231,0.348306,0.409583,0.303341,0.266162,0.621959,0.171244,0.211302,0.174056,0.212840,0.228922,0.182252,0.187384,0.585544,0.017213,7.205178,2.678504,1.482627,0.553528,0.705375,0.394695
149,494,0.955193,0.916497,0.963340,8674.330016,27,24,511.586440,78.172881,0.477576,25.079480,0.762346,1.140647,1.078258,0.594967,26.812472,23.557183,82.631355,81.012193,0.809195,5226615.164018,20.458333,24,27,0.965624,2161.458191,27.891731,24.000000,0.160839,0.000429,0.000007,0.000000,-0.000000,-0.000000,0.000000,1,1.972502,0.614745,0.682520,-0.476223,494,8674.330016,511.586440,78.172881,26.812472,23.557183,81.012193,2161.458191,54.862445,106.947368,5.906477,0.044240,-1.099643,0.021734,0.009456,0.011815,0.012173,0.013582,0.013331,0.014387,0.015751,0.018403,0.020692,0.018733,0.020808,0.028591,0.020240,0.029647,0.025621,0.032422,0.035600,0.031778,0.029783,0.031335,0.041693,0.036139,0.038843,0.025146,0.022483,0.034345,0.030345,0.031446,0.023736,0.023028,0.022758,0.022899,0.021564,0.018314,0.018896,0.019739,0.012494,0.014722,0.013359,0.013771,0.012635,0.011040,0.011149,0.010113,0.010043,0.008794,0.008923,0.007430,0.570436,1.284462,1.526883,1.046508,0.606866,0.223537,0.094869,0.094982,0.083380,0.052197,0.039457,0.032664,0.031467,0.023836,0.021068,0.018318,0.016978,0.013851,0.011843,0.011454,0.012011,0.010569,0.008674,0.007181,0.007602,0.007758,0.007319,0.006108,0.005537,0.005554,0.005827,0.005552,0.005035,0.004498,0.004516,0.004442,0.004159,0.003861,0.003920,0.004133,0.003697,0.003298,0.003602,0.003984,0.003495,0.002983,0.003241,0.003829,0.003490,0.003145,0.032410,0.031815,0.858544,0.056981,0.437284,0.033600,0.117727,0.199551,0.107533,0.033298,0.029615,0.932377,0.030531,0.073193,0.175594,0.204905,0.197969,0.101907,0.240021,0.069393,0.912925,0.038900,0.090891,0.178656,0.136823,0.031447,0.206732,0.211442,0.263809,0.145675,0.056723,0.837498,0.054162,0.153863,0.296390,0.213064,0.273059,0.338357,0.282176,0.382159,0.327242,0.407378,0.295126,0.389622,0.270794,0.412592,0.096578,0.171862,0.353011,0.323489,0.385018,0.204053,0.067852,0.605935,0.218711,0.360867,0.236970,0.077755,0.861231,0.060592,0.064918,0.073075,0.069215,0.313844,0.516625,0.570203,0.458867,0.255711,0.084031,0.093444,0.092121,0.096102,0.334736,0.110470,0.310890,0.398095,0.230314,0.100573,0.108699,0.082244,0.734079,0.075271,6.097847,1.812300,0.945305,0.521605,0.964952,0.757716
150,9483,0.899146,0.835072,0.902940,767145.248281,148,111,11579.117123,398.234245,0.615112,109.882349,0.577246,4.165811,7.951499,4.316290,125.885812,99.253350,84.518081,553.742207,0.941743,25712431.971421,86.263636,110,146,0.818974,53482.055257,149.621482,108.377201,0.169354,0.001561,0.000044,0.000009,0.000000,0.000000,-0.000000,1,2.024018,0.654262,0.709208,-0.265219,9483,767145.248281,11579.117123,398.234245,125.885812,99.253350,553.742207,53482.055257,63.241995,46.565327,6.252555,0.057944,7.281287,0.022605,0.015594,0.020209,0.020823,0.026092,0.020926,0.019817,0.020175,0.022562,0.023399,0.019661,0.022255,0.019178,0.015021,0.021797,0.023710,0.024025,0.026796,0.027526,0.029739,0.026888,0.025550,0.020864,0.019872,0.018302,0.017531,0.026553,0.027339,0.033495,0.025199,0.017149,0.015534,0.017486,0.017315,0.012815,0.016700,0.026264,0.025126,0.030153,0.017490,0.014053,0.013131,0.012827,0.018653,0.021065,0.017856,0.016212,0.015630,0.013642,17.438057,3.077283,0.713892,0.285969,0.216044,0.163994,0.109546,0.081087,0.068441,0.051896,0.043591,0.033777,0.033364,0.027388,0.023538,0.023353,0.022195,0.019991,0.018069,0.016257,0.015094,0.012524,0.012016,0.011061,0.011460,0.010565,0.010211,0.009587,0.009272,0.009264,0.008844,0.007954,0.007214,0.006977,0.006867,0.006569,0.007190,0.006818,0.006492,0.006186,0.006198,0.006284,0.006366,0.007105,0.006551,0.006340,0.006288,0.006282,0.005866,0.005606,0.068063,0.063698,0.598529,0.085409,0.442745,0.067481,0.224654,0.454484,0.410092,0.036318,0.062276,0.653491,0.070950,0.110335,0.346401,0.494023,0.428651,0.052447,0.265756,0.109886,0.642030,0.081481,0.232920,0.507629,0.342176,0.073393,0.253074,0.520144,0.133165,0.095699,0.099987,0.633104,0.096025,0.091614,0.133094,0.506371,0.113467,0.219377,0.293436,0.529298,0.391544,0.538428,0.282263,0.195525,0.107807,0.357120,0.114087,0.137954,0.427694,0.522606,0.470615,0.130192,0.096043,0.369765,0.490158,0.603383,0.245331,0.079587,0.552388,0.088009,0.087381,0.064928,0.066508,0.066286,0.609517,0.546855,0.536161,0.117393,0.082619,0.094067,0.077745,0.045548,0.309449,0.097546,0.367729,0.708403,0.322306,0.110170,0.105911,0.114280,0.342594,0.030926,17.125297,1.842207,1.908752,1.036122,0.719169,0.590847
151,518,0.909962,0.885057,0.942529,9699.929117,29,24,549.170148,82.340296,0.522195,25.681474,0.744253,1.046149,1.322224,0.904728,27.996541,23.876189,-71.867908,85.769553,0.807351,5607514.230567,20.880000,25,29,0.943241,2488.830567,29.410448,24.000000,0.163039,0.000662,0.000085,0.000001,0.000000,0.000000,0.000000,1,1.952637,0.618753,0.680033,-0.421179,518,9699.929117,549.170148,82.340296,27.996541,23.876189,85.769553,2488.830567,61.082109,114.681467,6.272931,0.054265,-1.068379,0.017479,0.011024,0.014943,0.014958,0.017316,0.018183,0.019588,0.019708,0.020137,0.019884,0.015870,0.018178,0.025571,0.017262,0.028297,0.023850,0.031660,0.036682,0.033157,0.033303,0.037302,0.048592,0.041482,0.045770,0.030929,0.027114,0.036143,0.030014,0.029636,0.020535,0.017477,0.015744,0.015125,0.012926,0.009852,0.010790,0.012079,0.008945,0.012292,0.010264,0.012180,0.012700,0.011483,0.011431,0.012119,0.013786,0.012314,0.011933,0.009472,0.579800,1.289526,1.491493,0.986848,0.580401,0.229267,0.097778,0.087970,0.081350,0.057201,0.039423,0.029153,0.030365,0.026509,0.021752,0.017122,0.016344,0.013054,0.010821,0.011763,0.013111,0.009615,0.006979,0.007726,0.009032,0.007582,0.006202,0.006258,0.006479,0.005699,0.005348,0.005148,0.004516,0.004379,0.005381,0.005506,0.004398,0.003533,0.003980,0.004540,0.004146,0.003630,0.003463,0.003693,0.003928,0.004210,0.003918,0.003450,0.003203,0.003551,0.031656,0.043817,0.869654,0.060611,0.442985,0.048599,0.066472,0.150836,0.106471,0.034285,0.044527,0.931460,0.030233,0.081710,0.149887,0.222070,0.197834,0.103493,0.300046,0.072963,0.894592,0.035934,0.086824,0.145538,0.200095,0.087657,0.163153,0.260136,0.157861,0.099023,0.056539,0.835011,0.065928,0.099685,0.281200,0.322184,0.290591,0.167128,0.287125,0.326805,0.360172,0.328937,0.409595,0.401262,0.362870,0.569903,0.076108,0.247355,0.296697,0.341697,0.301086,0.370006,0.132319,0.397966,0.288989,0.284701,0.163853,0.083937,0.863358,0.072873,0.058399,0.089722,0.198434,0.339267,0.377922,0.612159,0.429177,0.305082,0.128787,0.078067,0.102135,0.238640,0.496839,0.108217,0.499166,0.404561,0.293139,0.115081,0.114338,0.084724,0.457354,0.070415,6.039439,1.461461,1.263896,0.864817,0.960018,0.720000
152,2216,0.917080,0.475439,0.904461,128337.855990,110,34,2521.007394,232.014789,0.931520,53.117783,0.592513,1.814253,15.368491,1.285995,89.542219,32.565543,87.228812,250.787843,0.878755,13486456.922444,65.264706,34,110,0.879014,20032.479945,110.220341,34.000000,0.255929,0.038469,0.000105,0.000022,0.000000,0.000002,-0.000000,1,2.476457,0.766597,0.700624,0.421382,2216,128337.855990,2521.007394,232.014789,89.542219,32.565543,250.787843,20032.479945,62.827336,87.984657,6.767082,0.057230,2.735770,0.011084,0.002889,0.003597,0.003270,0.003274,0.002957,0.002912,0.002757,0.003124,0.003983,0.004007,0.004411,0.005701,0.005033,0.006951,0.007579,0.011427,0.021040,0.035315,0.046912,0.054490,0.110688,0.093036,0.065677,0.057796,0.058910,0.066527,0.058878,0.054514,0.030225,0.022712,0.020483,0.020620,0.014448,0.009361,0.008233,0.011195,0.008805,0.011651,0.009297,0.007423,0.005579,0.004287,0.003986,0.003357,0.003107,0.002708,0.002678,0.002190,3.040433,3.256499,1.835019,0.773190,0.203264,0.174912,0.150416,0.094422,0.073043,0.057541,0.052126,0.042174,0.033180,0.026738,0.027840,0.021184,0.015311,0.015396,0.015714,0.012950,0.012290,0.011689,0.010877,0.009829,0.009470,0.008617,0.008721,0.008255,0.007207,0.006735,0.006816,0.006413,0.005859,0.005496,0.005407,0.005104,0.005068,0.005025,0.004871,0.004842,0.004412,0.004310,0.004543,0.004407,0.004243,0.004519,0.004540,0.004528,0.004180,0.004073,0.047547,0.084472,0.822745,0.111322,0.302801,0.042693,0.257744,0.370134,0.066019,0.039208,0.100878,0.828368,0.085030,0.050971,0.127533,0.432842,0.293824,0.048102,0.180536,0.125292,0.869896,0.048882,0.078100,0.167925,0.346467,0.047757,0.189685,0.096230,0.510659,0.207189,0.115113,0.447938,0.113405,0.404316,0.535402,0.100754,0.066822,0.376387,0.366337,0.220671,0.099691,0.253042,0.630573,0.439542,0.078602,0.267355,0.148294,0.462805,0.237069,0.159424,0.313261,0.626106,0.150870,0.312760,0.092828,0.727684,0.271013,0.066940,0.549569,0.156156,0.187205,0.132260,0.070566,0.067028,0.567158,0.683282,0.216143,0.094970,0.177370,0.283098,0.185137,0.073116,0.317290,0.082509,0.727988,0.277131,0.123355,0.141679,0.308456,0.228154,0.321343,0.035234,8.836154,11.950660,8.470973,0.708829,0.925144,0.593316
153,4329,0.885912,0.803002,0.903002,246046.656836,97,73,5149.492553,259.985105,0.680489,74.241861,0.611354,2.956336,5.575361,2.385766,88.450676,64.812974,-80.628137,332.605122,0.924526,15349563.929652,60.138889,72,96,0.840665,27442.284013,97.328132,71.572747,0.173560,0.002734,0.000069,0.000003,0.000000,0.000000,0.000000,1,2.041776,0.649742,0.710827,-0.315057,4329,246046.656836,5149.492553,259.985105,88.450676,64.812974,332.605122,27442.284013,58.977955,87.084777,6.869693,0.050777,2.070499,0.009924,0.007246,0.010227,0.011297,0.013074,0.012459,0.014093,0.014539,0.016254,0.017397,0.016224,0.018350,0.021527,0.014429,0.022239,0.021762,0.024912,0.032535,0.034642,0.032108,0.030046,0.042394,0.045540,0.047078,0.032048,0.013622,0.018777,0.016712,0.022685,0.022875,0.021478,0.025410,0.032295,0.031711,0.024569,0.020209,0.020401,0.018857,0.021264,0.021166,0.023645,0.019283,0.016007,0.012406,0.010619,0.009911,0.008694,0.008087,0.006896,9.542280,4.888081,1.081490,0.389504,0.240591,0.169039,0.103704,0.076099,0.073791,0.057572,0.046660,0.039518,0.033928,0.027425,0.027774,0.023281,0.022163,0.019616,0.015284,0.014268,0.014764,0.011379,0.012496,0.011702,0.010819,0.010280,0.009553,0.008170,0.007392,0.007053,0.007250,0.007061,0.007043,0.006953,0.007215,0.006814,0.006452,0.006782,0.006204,0.005764,0.006304,0.006114,0.005534,0.005808,0.005341,0.005428,0.005695,0.006083,0.006181,0.006053,0.126751,0.087793,0.702411,0.137268,0.490381,0.089659,0.179285,0.384155,0.189135,0.140400,0.110418,0.739170,0.215947,0.169013,0.230601,0.322732,0.388364,0.195868,0.295046,0.113738,0.763182,0.184091,0.180495,0.283720,0.253136,0.127160,0.300583,0.268792,0.381406,0.216289,0.212941,0.631407,0.152140,0.219812,0.364716,0.294955,0.212650,0.350702,0.354469,0.399311,0.255800,0.332546,0.367829,0.364583,0.320078,0.418405,0.155737,0.299618,0.388631,0.300814,0.399989,0.314157,0.169618,0.426535,0.198887,0.578091,0.277438,0.150087,0.627703,0.192595,0.231481,0.140778,0.149167,0.134801,0.555197,0.559590,0.306800,0.149323,0.258036,0.326654,0.197002,0.178671,0.412049,0.185200,0.522506,0.370733,0.202091,0.254952,0.275219,0.203588,0.403020,0.039132,13.015434,2.336928,1.885902,0.807001,0.781663,0.626447
154,2750,0.836757,0.659574,0.841159,67236.313360,90,86,5300.491117,293.982235,0.777990,59.172703,0.355297,6.406112,11.504862,6.266126,81.828427,51.410865,20.503653,339.563492,0.879958,15022392.432827,31.145235,86,89,0.518820,9158.493897,107.562823,83.442286,0.212172,0.008478,0.000655,0.000797,0.000000,0.000068,-0.000000,1,2.225244,0.749961,0.747608,0.105903,2750,67236.313360,5300.491117,293.982235,81.828427,51.410865,339.563492,9158.493897,73.721447,108.149818,7.125514,0.077134,2.040340,0.008765,0.017183,0.020763,0.020573,0.023444,0.020229,0.018642,0.016102,0.016490,0.017866,0.013009,0.012825,0.016223,0.014146,0.019929,0.018379,0.019085,0.022335,0.028453,0.028376,0.029371,0.030317,0.022888,0.023275,0.020904,0.020411,0.027644,0.027002,0.024746,0.016300,0.015990,0.018818,0.018652,0.017758,0.019327,0.022754,0.026318,0.018595,0.026959,0.022717,0.023272,0.024947,0.024069,0.023789,0.021983,0.020316,0.017001,0.016463,0.013364,4.752406,3.938497,0.947383,0.369451,0.201308,0.128184,0.083115,0.078374,0.070627,0.053493,0.046686,0.040402,0.040222,0.027607,0.029274,0.022181,0.020695,0.016692,0.016177,0.016343,0.016566,0.014637,0.014527,0.016581,0.015118,0.012681,0.012284,0.011721,0.009677,0.008674,0.008868,0.009465,0.010104,0.008436,0.009433,0.009698,0.009663,0.008825,0.008195,0.008181,0.007636,0.008051,0.007435,0.007795,0.007881,0.007555,0.007165,0.007617,0.007180,0.007470,0.072021,0.093425,0.627817,0.124955,0.658408,0.150183,0.129825,0.110420,0.302014,0.201709,0.137312,0.710128,0.133987,0.226278,0.393286,0.232503,0.171841,0.358832,0.454037,0.141272,0.686966,0.094195,0.098601,0.330218,0.197628,0.129497,0.344244,0.305760,0.067471,0.093557,0.158213,0.788787,0.246308,0.110254,0.120444,0.398317,0.424436,0.153839,0.187245,0.166123,0.401017,0.492730,0.247389,0.276461,0.438520,0.537459,0.175774,0.186173,0.106275,0.379189,0.401580,0.252141,0.267480,0.440583,0.431878,0.259142,0.121449,0.143543,0.780490,0.246672,0.123630,0.081519,0.137951,0.426369,0.338161,0.491606,0.297661,0.322105,0.290902,0.207498,0.312837,0.210425,0.409723,0.174070,0.471753,0.265346,0.384901,0.142323,0.179828,0.329242,0.446904,0.023850,8.098633,1.836041,1.795920,0.978148,0.865765,0.356154
155,3262,0.880638,0.728751,0.924824,168613.466508,59,80,3600.955806,215.911612,0.740406,64.446159,0.691102,2.859644,6.641551,2.125918,79.588455,53.496208,7.089072,254.421356,0.921185,11989659.882686,54.316667,60,79,0.905871,16525.461070,80.305666,59.000000,0.176145,0.004424,0.000199,0.000009,-0.000000,-0.000000,0.000000,1,2.090423,0.632374,0.682211,-0.276420,3262,168613.466508,3600.955806,215.911612,79.588455,53.496208,254.421356,16525.461070,66.881807,99.572655,6.996384,0.064364,1.815169,0.009209,0.016453,0.018920,0.015886,0.018119,0.020201,0.025887,0.030544,0.034941,0.039517,0.032409,0.025216,0.029890,0.015803,0.019239,0.014326,0.018297,0.019686,0.017605,0.018854,0.020825,0.024680,0.020826,0.018863,0.013394,0.012939,0.017388,0.016769,0.017643,0.016203,0.015895,0.015790,0.018813,0.022635,0.021276,0.028075,0.035165,0.027067,0.033533,0.024328,0.019924,0.014820,0.013176,0.012937,0.016251,0.020984,0.020171,0.016622,0.011214,8.257844,5.644395,1.169024,0.406127,0.233782,0.169751,0.123453,0.088791,0.068353,0.058687,0.045341,0.036396,0.034329,0.028547,0.024473,0.018134,0.017172,0.017382,0.014432,0.014439,0.014606,0.012646,0.011572,0.010720,0.010274,0.009542,0.009310,0.008112,0.007744,0.007398,0.006889,0.007237,0.006564,0.006550,0.006527,0.006275,0.006664,0.006560,0.006108,0.005951,0.006042,0.005723,0.005548,0.005541,0.005276,0.005233,0.005268,0.005213,0.005360,0.005328,0.135679,0.137829,0.653055,0.130468,0.555440,0.100443,0.247245,0.282726,0.243770,0.139347,0.164249,0.710827,0.144773,0.165737,0.370336,0.348984,0.289611,0.238931,0.338187,0.121930,0.720999,0.109539,0.171247,0.385785,0.197445,0.088205,0.337643,0.420621,0.199377,0.109371,0.150598,0.714837,0.206055,0.209114,0.175608,0.347371,0.446239,0.216348,0.108015,0.298961,0.463270,0.451023,0.267128,0.180440,0.362025,0.446736,0.126522,0.100492,0.289300,0.471171,0.415872,0.180301,0.115967,0.499716,0.406850,0.311488,0.171252,0.169264,0.769331,0.206002,0.123974,0.085982,0.149667,0.498140,0.362001,0.324535,0.410147,0.446482,0.244748,0.147842,0.138201,0.216940,0.517999,0.160200,0.282645,0.387857,0.390853,0.146424,0.118605,0.174165,0.507034,0.050394,12.821251,3.124086,2.322510,0.743421,0.848638,0.687553
156,2053,0.950244,0.955122,0.964878,71597.551074,50,51,2107.356718,161.713435,0.295571,51.126909,0.805098,0.992328,1.083523,0.861166,52.399800,50.058622,-1.666363,168.124892,0.915447,8575295.459704,41.000000,50,51,0.974206,8682.679291,54.918017,50.000000,0.159798,0.000053,0.000006,0.000000,-0.000000,-0.000000,0.000000,1,1.933104,0.624884,0.687916,-0.477393,2053,71597.551074,2107.356718,161.713435,52.399800,50.058622,168.124892,8682.679291,74.358051,97.162202,7.119989,0.078367,3.626746,0.008917,0.019042,0.030082,0.028196,0.027808,0.020702,0.020351,0.018877,0.023223,0.023313,0.018582,0.020350,0.025746,0.014710,0.018764,0.017719,0.022496,0.023588,0.022219,0.022895,0.023406,0.029432,0.028493,0.036693,0.032911,0.026115,0.025053,0.019700,0.019602,0.016518,0.015148,0.013072,0.011883,0.010705,0.010817,0.015073,0.017552,0.012855,0.021391,0.018483,0.021624,0.022420,0.022860,0.022788,0.020524,0.021180,0.016621,0.015348,0.013071,5.222611,5.805731,2.058938,0.482650,0.300406,0.201147,0.113762,0.094298,0.072527,0.058595,0.040685,0.042089,0.030350,0.028345,0.022948,0.023874,0.016012,0.017783,0.014924,0.013717,0.011291,0.012537,0.009806,0.009418,0.009394,0.008859,0.007282,0.008089,0.007430,0.006261,0.006516,0.006570,0.005795,0.005794,0.005979,0.005096,0.005102,0.005361,0.005120,0.004453,0.004855,0.004778,0.004652,0.004431,0.004622,0.004303,0.004506,0.004241,0.004506,0.003752,0.089061,0.106696,0.713653,0.129779,0.516106,0.064611,0.229277,0.271842,0.239863,0.104952,0.131396,0.753342,0.113141,0.215685,0.280724,0.363560,0.277545,0.238454,0.321503,0.117459,0.756960,0.082397,0.226560,0.311995,0.229398,0.099719,0.303024,0.341413,0.325968,0.255316,0.177178,0.705662,0.122525,0.137993,0.213188,0.321154,0.343153,0.390861,0.384853,0.331318,0.430269,0.313651,0.153976,0.242111,0.325199,0.453753,0.200360,0.283291,0.318644,0.464377,0.337816,0.118079,0.149457,0.454014,0.305358,0.320025,0.311713,0.153550,0.766351,0.156067,0.212910,0.142291,0.079802,0.368449,0.479559,0.497783,0.368152,0.313870,0.164373,0.253186,0.199833,0.146199,0.544390,0.279212,0.345775,0.350873,0.268112,0.107254,0.178885,0.194653,0.479301,0.072631,12.211160,1.258205,1.091900,0.867824,0.961865,0.803922
157,1746,0.799084,0.812250,0.817401,55075.260810,57,56,2430.325260,179.650520,0.356121,47.149509,0.546992,3.798359,3.169818,3.329594,50.986332,47.643663,-4.699945,225.616270,0.873089,10486247.443811,29.610169,59,57,0.718422,8165.159578,62.198931,50.316076,0.174210,0.000139,0.000424,0.000014,-0.000000,0.000000,0.000000,1,1.921343,0.660960,0.705980,-0.273699,1746,55075.260810,2430.325260,179.650520,50.986332,47.643663,225.616270,8165.159578,64.542028,73.973081,6.783222,0.060206,4.137681,0.012302,0.014065,0.018751,0.023039,0.025035,0.019468,0.018481,0.020120,0.024620,0.023856,0.017846,0.021274,0.022824,0.015469,0.020749,0.018666,0.023023,0.027168,0.026994,0.031779,0.031283,0.033941,0.027889,0.025770,0.017440,0.021119,0.026385,0.023677,0.025948,0.024195,0.022050,0.019718,0.019391,0.016489,0.013300,0.015807,0.017271,0.012570,0.017994,0.016000,0.018574,0.020345,0.019549,0.019823,0.017113,0.017840,0.017797,0.015369,0.012122,3.241991,3.796731,1.483174,0.286385,0.252987,0.138005,0.111827,0.079259,0.069710,0.044509,0.047375,0.033424,0.032989,0.026431,0.028433,0.022523,0.022202,0.016614,0.015812,0.014430,0.017760,0.014639,0.013794,0.011938,0.010590,0.011283,0.011777,0.011573,0.010762,0.009845,0.009325,0.008069,0.007481,0.007763,0.008104,0.008223,0.008056,0.007573,0.008178,0.007841,0.006884,0.006794,0.006616,0.007232,0.007319,0.006990,0.007692,0.008174,0.007592,0.006958,0.080019,0.063465,0.742308,0.082701,0.499082,0.060686,0.193267,0.327193,0.185833,0.078268,0.086378,0.799446,0.060200,0.128219,0.279189,0.357555,0.308785,0.161535,0.272122,0.123943,0.794613,0.064181,0.145635,0.313211,0.267881,0.071358,0.280882,0.331450,0.187244,0.177679,0.067750,0.702016,0.078667,0.219761,0.363638,0.373333,0.282580,0.193813,0.285926,0.271337,0.379517,0.447515,0.364684,0.369293,0.336945,0.338052,0.128293,0.212052,0.327196,0.425537,0.495789,0.266449,0.124597,0.451473,0.343882,0.448334,0.260654,0.074796,0.736360,0.079492,0.130406,0.112911,0.170015,0.298269,0.457296,0.563427,0.451477,0.283463,0.136893,0.181449,0.147473,0.163920,0.429332,0.093428,0.407195,0.512514,0.330677,0.165070,0.149593,0.152467,0.442997,0.034301,7.738804,0.952013,0.834523,0.876587,0.796266,0.519477
158,479,0.933333,0.922917,0.945833,8345.117285,27,23,499.303672,77.607345,0.461400,24.695784,0.771337,1.043763,1.056073,1.036614,26.294924,23.328658,-74.893507,80.769553,0.804540,5279431.330573,19.200000,25,27,0.959336,2121.417442,28.459679,23.000000,0.160891,0.000367,0.000014,0.000000,0.000000,0.000000,0.000000,1,1.924480,0.608496,0.673934,-0.442023,479,8345.117285,499.303672,77.607345,26.294924,23.328658,80.769553,2121.417442,56.357427,110.073069,5.993714,0.046570,-1.160398,0.021108,0.013226,0.016598,0.017164,0.019357,0.019344,0.020216,0.020626,0.021758,0.020993,0.016171,0.018350,0.024792,0.016359,0.028323,0.023486,0.031215,0.034671,0.031932,0.031555,0.034761,0.046192,0.039944,0.043290,0.026891,0.024658,0.036851,0.031023,0.031549,0.022882,0.019793,0.018979,0.019107,0.016575,0.012648,0.011888,0.012020,0.007741,0.009471,0.008438,0.009378,0.009083,0.008495,0.009850,0.010289,0.012452,0.013243,0.014287,0.012087,0.536218,1.208263,1.446599,1.006613,0.603019,0.227546,0.092224,0.092310,0.085923,0.053933,0.037047,0.030836,0.031492,0.025294,0.021286,0.017237,0.016221,0.014055,0.012707,0.011289,0.010822,0.009672,0.008572,0.007549,0.007520,0.007504,0.006960,0.005635,0.005330,0.005908,0.006199,0.005336,0.004720,0.004724,0.004883,0.004414,0.004116,0.004199,0.004213,0.003956,0.003811,0.004136,0.004212,0.003797,0.003291,0.003374,0.003802,0.003958,0.003731,0.003801,0.030628,0.035679,0.871417,0.067505,0.431064,0.048304,0.074180,0.172982,0.101427,0.029391,0.034785,0.932361,0.028934,0.049989,0.180081,0.215726,0.196585,0.087627,0.230238,0.072048,0.906672,0.034425,0.060756,0.182278,0.189017,0.067357,0.203411,0.213597,0.220762,0.063521,0.061919,0.843201,0.070992,0.102454,0.317266,0.265678,0.249879,0.302203,0.195447,0.312962,0.337059,0.395011,0.422399,0.417453,0.296232,0.475156,0.125420,0.198121,0.305364,0.341623,0.381437,0.359489,0.119551,0.469327,0.239147,0.375296,0.102293,0.087693,0.865989,0.067113,0.068144,0.067261,0.142112,0.310778,0.554273,0.511797,0.417447,0.326321,0.111852,0.088652,0.072371,0.167037,0.534546,0.142835,0.412203,0.362946,0.286899,0.122257,0.082067,0.072766,0.531908,0.073424,5.930453,1.018772,1.011794,0.993151,0.960849,0.711111
159,1761,0.807130,0.706020,0.779077,29715.786306,57,54,2201.736419,174.472838,0.700169,47.351609,0.572125,3.190404,4.564133,3.392082,61.291643,43.760829,-44.807600,247.693434,0.841996,14450798.034422,21.506380,43,60,0.799823,5732.916594,70.766314,42.816311,0.201180,0.004267,0.000263,0.000407,0.000000,0.000027,-0.000000,1,2.139413,0.635671,0.623982,0.120353,1761,29715.786306,2201.736419,174.472838,61.291643,43.760829,247.693434,5732.916594,75.005158,98.794435,7.005039,0.079628,3.543283,0.010218,0.008057,0.012634,0.013759,0.014543,0.012213,0.013437,0.016381,0.027868,0.036945,0.035634,0.044054,0.050706,0.032073,0.049422,0.033021,0.045254,0.047225,0.040588,0.042784,0.047351,0.051041,0.040436,0.035717,0.022224,0.013602,0.014592,0.012118,0.010716,0.008669,0.009137,0.009786,0.011199,0.011743,0.010943,0.011710,0.010814,0.007230,0.009141,0.007981,0.009604,0.010530,0.009393,0.007421,0.007180,0.007092,0.005376,0.005732,0.004921,2.232158,2.454036,1.005930,0.224363,0.327614,0.234220,0.124258,0.085175,0.052729,0.047915,0.041517,0.036986,0.032201,0.032237,0.022994,0.014114,0.016011,0.015437,0.012423,0.010842,0.010192,0.011530,0.010178,0.008504,0.006914,0.007425,0.007896,0.006767,0.006117,0.006026,0.005936,0.005641,0.004977,0.004836,0.005088,0.005056,0.004437,0.004001,0.004579,0.004806,0.004421,0.004251,0.003980,0.004152,0.004236,0.003822,0.004078,0.003978,0.003836,0.003662,0.049001,0.060963,0.704206,0.123455,0.538879,0.068775,0.076571,0.320658,0.280944,0.059934,0.076505,0.757566,0.161901,0.248738,0.183805,0.279949,0.365299,0.288040,0.297903,0.107149,0.767400,0.141312,0.251072,0.198688,0.293218,0.124257,0.294907,0.147488,0.150721,0.234636,0.173688,0.661968,0.076435,0.085404,0.376553,0.526477,0.130499,0.134006,0.326745,0.553182,0.293459,0.167348,0.143620,0.415453,0.494861,0.394511,0.081771,0.222505,0.619056,0.359798,0.220026,0.163163,0.156212,0.419575,0.158261,0.208802,0.543108,0.139999,0.679743,0.091507,0.145701,0.231902,0.267128,0.149557,0.214978,0.683618,0.515216,0.084993,0.074050,0.182354,0.283090,0.269323,0.356737,0.124804,0.278500,0.603194,0.132901,0.100659,0.195288,0.177789,0.564105,0.028703,7.109595,1.345526,1.430581,1.063214,0.704390,0.663178
160,1831,0.908397,0.857688,0.907306,63995.551351,59,48,2122.804326,164.608652,0.550433,48.283554,0.646540,1.923288,2.925463,1.613047,53.469892,44.640920,-63.598416,182.580736,0.893325,9599924.615977,36.680000,50,56,0.862538,8920.404891,59.539201,46.402531,0.165524,0.000873,0.000014,0.000002,-0.000000,0.000000,0.000000,1,1.962038,0.632944,0.694668,-0.385023,1831,63995.551351,2122.804326,164.608652,53.469892,44.640920,182.580736,8920.404891,64.330070,93.030038,6.869942,0.059835,2.181529,0.010356,0.013062,0.018554,0.018633,0.021899,0.018489,0.017929,0.018001,0.020001,0.018083,0.017578,0.020456,0.023809,0.018453,0.026710,0.021025,0.022358,0.024257,0.022516,0.024075,0.029846,0.039378,0.037363,0.032958,0.020657,0.015864,0.019322,0.019993,0.022680,0.024411,0.025156,0.024317,0.026273,0.026050,0.021670,0.024252,0.023456,0.015294,0.021003,0.016006,0.019324,0.017199,0.013943,0.012401,0.012070,0.014246,0.013885,0.014418,0.010675,3.728475,4.453654,1.986313,0.423609,0.248433,0.186232,0.136828,0.080185,0.071169,0.059515,0.044942,0.039619,0.034598,0.023782,0.023450,0.021798,0.017065,0.017597,0.014824,0.013356,0.012131,0.011055,0.011568,0.009849,0.009474,0.008580,0.008347,0.007321,0.007486,0.006644,0.006194,0.006323,0.006410,0.005478,0.005545,0.005321,0.004881,0.004622,0.005353,0.004998,0.004675,0.004440,0.004821,0.004472,0.004716,0.004917,0.004651,0.004502,0.004350,0.004333,0.057572,0.064717,0.754324,0.080721,0.505402,0.047656,0.117462,0.334318,0.183594,0.051980,0.075453,0.805938,0.082372,0.102973,0.223268,0.331811,0.370425,0.165882,0.276556,0.092902,0.799697,0.082562,0.163332,0.254964,0.294936,0.111556,0.278275,0.312591,0.243949,0.188052,0.086456,0.711866,0.129486,0.167418,0.405139,0.290258,0.350475,0.264948,0.305826,0.383433,0.208925,0.407118,0.310255,0.420989,0.289020,0.450165,0.117627,0.220161,0.432555,0.352096,0.392895,0.240766,0.128058,0.441852,0.301711,0.398320,0.315496,0.111551,0.756297,0.145667,0.143055,0.121114,0.099952,0.356463,0.431093,0.625828,0.410313,0.147080,0.199446,0.176515,0.140554,0.121447,0.529013,0.115210,0.435439,0.464796,0.209446,0.132786,0.129551,0.135686,0.452254,0.054926,10.028440,1.813625,1.521074,0.838692,0.901566,0.655000
161,441,0.834467,0.843537,0.870748,7239.538471,27,25,510.857843,78.715687,0.439087,23.695963,0.653333,1.460532,1.172424,1.019028,25.548908,22.954275,-0.204412,86.047727,0.799861,4558825.083508,16.333333,27,25,0.863254,1953.428636,28.231169,24.988149,0.166804,0.000317,0.000257,0.000008,-0.000000,-0.000000,-0.000000,1,2.010683,0.624308,0.680475,-0.432860,441,7239.538471,510.857843,78.715687,25.548908,22.954275,86.047727,1953.428636,58.623056,95.505669,6.033028,0.050198,-0.348797,0.020388,0.015427,0.020006,0.016842,0.018587,0.015394,0.015511,0.019503,0.022233,0.025320,0.024639,0.032891,0.038154,0.021618,0.030365,0.023880,0.029577,0.029266,0.027160,0.025300,0.027445,0.031233,0.029391,0.030870,0.023412,0.021493,0.027415,0.025326,0.026889,0.023970,0.022722,0.020716,0.019422,0.016746,0.012941,0.013723,0.013914,0.008417,0.010864,0.009856,0.011975,0.013350,0.014040,0.016240,0.017372,0.018189,0.016224,0.014070,0.010101,0.556440,1.218225,1.499507,1.080850,0.572142,0.143887,0.099626,0.110171,0.086601,0.041674,0.035366,0.043369,0.042624,0.026562,0.021654,0.024854,0.025938,0.018061,0.012688,0.013628,0.014887,0.011118,0.009320,0.010158,0.010746,0.008902,0.007789,0.008233,0.008532,0.007395,0.007346,0.007737,0.007399,0.006085,0.004996,0.005154,0.006257,0.006138,0.005531,0.005421,0.005330,0.005196,0.004710,0.004518,0.004921,0.005309,0.005559,0.005905,0.005705,0.005325,0.040692,0.031532,0.803861,0.064387,0.537471,0.044470,0.120204,0.181177,0.094246,0.039747,0.036722,0.928013,0.038758,0.069398,0.157854,0.233336,0.201617,0.097620,0.321672,0.074311,0.871287,0.037650,0.073611,0.154969,0.157888,0.044216,0.272261,0.215074,0.208389,0.072991,0.051801,0.860417,0.057489,0.173225,0.279692,0.224602,0.286714,0.283895,0.123920,0.379714,0.329979,0.372449,0.431858,0.409539,0.275365,0.531704,0.063444,0.119727,0.336897,0.306241,0.326893,0.258564,0.070085,0.559479,0.214434,0.334329,0.163182,0.064130,0.885444,0.065982,0.054303,0.061496,0.128073,0.339098,0.528906,0.430873,0.483465,0.345109,0.136004,0.077426,0.116432,0.169492,0.424176,0.083084,0.236985,0.384683,0.274588,0.123201,0.089758,0.098118,0.707646,0.059561,5.125063,1.150531,0.802738,0.697710,0.914791,0.653333
162,2785,0.952962,0.717415,0.958707,139704.530910,81,49,2930.410297,200.820595,0.785074,59.548066,0.701688,1.751484,7.739147,1.162303,75.862130,46.989164,-88.893280,211.444697,0.922369,10708938.911778,56.836735,49,81,0.950379,15002.341023,81.614932,49.000000,0.178640,0.006332,0.000026,0.000002,0.000000,0.000000,0.000000,1,2.129637,0.640195,0.692094,-0.176010,2785,139704.530910,2930.410297,200.820595,75.862130,46.989164,211.444697,15002.341023,67.016185,112.639856,7.122971,0.064606,1.089859,0.008477,0.009412,0.011505,0.010268,0.009751,0.006244,0.006120,0.006706,0.007776,0.008327,0.007544,0.011792,0.019340,0.015211,0.024220,0.028215,0.040569,0.051169,0.044321,0.040174,0.039316,0.041125,0.035549,0.037252,0.030368,0.030007,0.039811,0.040230,0.042941,0.040373,0.037597,0.027248,0.024870,0.020142,0.012378,0.011511,0.012575,0.009118,0.010304,0.008715,0.010818,0.010930,0.010093,0.009388,0.010335,0.011645,0.010501,0.009382,0.006815,6.571753,5.805004,2.116477,0.496921,0.286776,0.179281,0.143261,0.079783,0.070396,0.057341,0.050446,0.032279,0.031514,0.027805,0.025576,0.018455,0.019363,0.017070,0.015896,0.012819,0.013112,0.011885,0.010911,0.009175,0.009573,0.009016,0.007926,0.007212,0.006998,0.007074,0.006480,0.006104,0.005890,0.006260,0.005636,0.005207,0.005150,0.005481,0.005090,0.004893,0.004669,0.005041,0.004628,0.004710,0.004897,0.005133,0.004939,0.004885,0.005232,0.005083,0.073426,0.137136,0.796210,0.096608,0.393456,0.049418,0.178825,0.371181,0.074261,0.079250,0.156032,0.783140,0.096410,0.064572,0.136402,0.455365,0.336123,0.060486,0.240018,0.126339,0.790624,0.104600,0.096270,0.230072,0.408019,0.054155,0.242464,0.193873,0.316128,0.245728,0.089485,0.554964,0.082819,0.249215,0.624441,0.164947,0.186731,0.336342,0.298749,0.253656,0.088012,0.202230,0.576739,0.546356,0.136517,0.343943,0.169777,0.217691,0.417532,0.224978,0.359597,0.568227,0.122146,0.336792,0.182591,0.517908,0.323992,0.078679,0.649379,0.123800,0.234572,0.276207,0.137605,0.164616,0.481415,0.660458,0.287586,0.068936,0.112388,0.337330,0.278709,0.115654,0.345564,0.132662,0.578894,0.460773,0.179375,0.136256,0.283359,0.167958,0.395361,0.062292,13.171293,6.658457,4.418622,0.663610,0.949755,0.701688
163,494,0.961538,0.919028,0.961538,8811.251095,28,23,510.805150,78.610300,0.455906,25.079480,0.767081,1.059509,1.045443,0.911065,26.631505,23.702784,-88.399765,81.012193,0.823779,4529571.999348,21.478261,23,28,0.967101,2169.455455,28.442858,23.000000,0.160487,0.000346,0.000006,0.000000,-0.000000,-0.000000,0.000000,1,1.949046,0.609867,0.677845,-0.465782,494,8811.251095,510.805150,78.610300,26.631505,23.702784,81.012193,2169.455455,58.153714,106.809717,6.028247,0.049437,-0.916748,0.020735,0.013814,0.017519,0.017860,0.019731,0.018588,0.018435,0.018615,0.020104,0.020034,0.017820,0.021055,0.027503,0.017069,0.025324,0.021158,0.027242,0.029300,0.028800,0.028040,0.031648,0.040053,0.038130,0.040332,0.028981,0.024496,0.029909,0.024971,0.023962,0.018006,0.016354,0.016084,0.017035,0.018533,0.018018,0.020992,0.022924,0.014876,0.017419,0.014426,0.015477,0.014790,0.011881,0.012245,0.011985,0.012923,0.012117,0.012448,0.010972,0.700676,1.481836,1.732985,1.163229,0.554864,0.149548,0.133595,0.117979,0.081285,0.046515,0.044810,0.040567,0.033782,0.024514,0.023953,0.021046,0.018792,0.016532,0.014807,0.012414,0.012091,0.011740,0.010996,0.008987,0.008075,0.008211,0.008211,0.006786,0.006157,0.006422,0.006667,0.005819,0.005205,0.005502,0.005875,0.005130,0.004287,0.004145,0.004713,0.004884,0.004228,0.003865,0.004332,0.004884,0.004348,0.003592,0.003804,0.004418,0.004203,0.003622,0.037859,0.044050,0.829154,0.075275,0.501072,0.048116,0.079371,0.185495,0.096769,0.039222,0.043153,0.933490,0.045009,0.072193,0.164697,0.203084,0.199471,0.098995,0.217833,0.079787,0.879097,0.050054,0.077033,0.156781,0.182614,0.053702,0.322672,0.188702,0.242571,0.097672,0.058067,0.840127,0.065317,0.112435,0.333554,0.242190,0.247726,0.316780,0.276002,0.276247,0.352811,0.351727,0.410283,0.421352,0.302872,0.556117,0.097389,0.221042,0.272829,0.337256,0.331224,0.331193,0.085418,0.466384,0.199630,0.342398,0.149453,0.064792,0.879523,0.070054,0.074483,0.105539,0.145666,0.286821,0.537429,0.539421,0.346115,0.352665,0.151687,0.112009,0.138433,0.197578,0.654591,0.126389,0.385287,0.295825,0.299456,0.138775,0.089778,0.089043,0.441195,0.075271,6.097847,1.147495,0.986724,0.859894,0.970351,0.767081
164,2069,0.949275,0.925121,0.949275,74584.289389,56,49,2207.827755,166.655511,0.441080,51.325750,0.754009,1.581173,1.972225,1.188924,54.344165,48.772141,86.836010,175.681241,0.913847,8749377.708430,41.400000,50,56,0.937120,9069.770480,58.137465,49.000000,0.160991,0.000301,0.000018,0.000000,0.000000,0.000000,0.000000,1,1.967167,0.630364,0.697604,-0.482416,2069,74584.289389,2207.827755,166.655511,54.344165,48.772141,175.681241,9069.770480,67.836041,106.170130,7.103089,0.066091,1.634753,0.008360,0.013173,0.018507,0.020946,0.024625,0.023014,0.023812,0.022790,0.024156,0.025232,0.020482,0.024724,0.025077,0.013301,0.018768,0.023610,0.032517,0.032227,0.030238,0.031120,0.032864,0.035585,0.029414,0.028347,0.021002,0.016293,0.020047,0.016368,0.018006,0.015592,0.018386,0.019185,0.018573,0.016752,0.013905,0.019267,0.019693,0.018097,0.025879,0.023180,0.023996,0.019528,0.015940,0.013251,0.012413,0.013455,0.009776,0.009270,0.007617,4.937852,6.042131,2.265817,0.778353,0.349496,0.168023,0.124833,0.092313,0.076402,0.059759,0.049317,0.035965,0.031483,0.025909,0.026515,0.023093,0.019216,0.014727,0.014138,0.014019,0.014180,0.011709,0.010613,0.009241,0.009288,0.008316,0.008518,0.007804,0.007392,0.006755,0.006591,0.006766,0.006606,0.006097,0.005807,0.005746,0.005553,0.005332,0.004953,0.005362,0.005138,0.004949,0.004487,0.004571,0.004729,0.004846,0.004682,0.004345,0.004212,0.004606,0.075050,0.065902,0.776707,0.127563,0.458968,0.056740,0.134815,0.302358,0.216821,0.077174,0.093826,0.777380,0.143326,0.109440,0.251468,0.361722,0.327009,0.217685,0.225762,0.121494,0.784984,0.102585,0.126293,0.296152,0.328583,0.126984,0.282486,0.308051,0.321339,0.201041,0.188413,0.725273,0.116621,0.091956,0.184398,0.379273,0.299267,0.304569,0.382317,0.445959,0.270213,0.282315,0.267336,0.271609,0.417939,0.397026,0.107538,0.319256,0.399271,0.354476,0.314073,0.283733,0.197049,0.475220,0.283825,0.426332,0.214586,0.136708,0.770497,0.154006,0.148250,0.112711,0.144506,0.303275,0.481062,0.608507,0.400243,0.194584,0.147590,0.180607,0.152313,0.175104,0.407701,0.146539,0.536447,0.418081,0.249100,0.090283,0.145288,0.155531,0.483980,0.067036,11.777012,1.658832,1.247317,0.751925,0.948624,0.739286
165,3254,0.919127,0.789975,0.930504,163860.629523,81,55,3584.673556,220.347113,0.683283,64.367084,0.730415,2.355139,6.074605,1.774479,76.069516,55.542414,84.139565,243.858910,0.922791,11815379.386815,59.127273,55,80,0.907754,17529.605982,81.614932,54.139585,0.170344,0.002691,0.000074,0.000003,0.000000,-0.000000,-0.000000,1,2.008137,0.641388,0.701872,-0.307205,3254,163860.629523,3584.673556,220.347113,76.069516,55.542414,243.858910,17529.605982,70.505772,103.111248,7.070522,0.071019,2.529282,0.008455,0.010980,0.013099,0.014837,0.018006,0.020861,0.021145,0.017961,0.016788,0.013964,0.010791,0.011735,0.010580,0.006613,0.009619,0.009915,0.011625,0.014311,0.016698,0.017863,0.028925,0.046876,0.062143,0.078662,0.070670,0.035599,0.033090,0.024542,0.018864,0.017869,0.018715,0.021362,0.019511,0.017696,0.020494,0.023727,0.027389,0.015455,0.016426,0.014058,0.016192,0.014754,0.013454,0.013740,0.014782,0.015145,0.012598,0.011871,0.008003,7.765614,6.337103,1.902022,0.608012,0.239912,0.150233,0.138928,0.113447,0.072192,0.053245,0.046401,0.045938,0.039525,0.029675,0.022800,0.022989,0.024464,0.019581,0.014337,0.013558,0.014961,0.012854,0.010086,0.009466,0.009693,0.009528,0.008584,0.007179,0.007104,0.007436,0.007783,0.006702,0.005715,0.006117,0.006649,0.006482,0.005648,0.005244,0.005457,0.005667,0.005261,0.004998,0.004827,0.005015,0.005230,0.004626,0.004735,0.004730,0.004959,0.004767,0.073301,0.089122,0.764727,0.117088,0.449442,0.059367,0.211156,0.305082,0.212090,0.076831,0.121698,0.769603,0.102686,0.088268,0.200446,0.449673,0.290122,0.205199,0.254749,0.135600,0.779076,0.086395,0.153508,0.281216,0.380412,0.086014,0.218020,0.300390,0.221889,0.220943,0.205877,0.682982,0.109442,0.178655,0.257739,0.438794,0.302849,0.256974,0.472944,0.350171,0.253934,0.261141,0.197550,0.310506,0.477318,0.438041,0.183869,0.399836,0.354925,0.348344,0.398562,0.166133,0.168976,0.390028,0.308336,0.410680,0.308255,0.156152,0.706217,0.143249,0.153878,0.169046,0.212948,0.233802,0.323103,0.755849,0.240311,0.152128,0.140138,0.278569,0.226907,0.200034,0.320265,0.109548,0.712444,0.306536,0.172502,0.161367,0.271497,0.199287,0.338622,0.054719,13.343781,3.423318,2.579298,0.753450,0.903584,0.739091
166,3581,0.795080,0.776069,0.861057,173269.306821,77,80,5083.441803,255.883607,0.608228,67.523854,0.581331,3.589632,4.208452,2.907751,79.243895,62.900822,-18.075437,358.776695,0.898278,16738748.903064,44.160494,81,82,0.704444,23160.052622,90.425806,77.000000,0.178603,0.001643,0.000354,0.000007,-0.000000,-0.000000,-0.000000,1,1.996872,0.656732,0.703728,-0.315379,3581,173269.306821,5083.441803,255.883607,79.243895,62.900822,358.776695,23160.052622,65.555697,70.431444,6.864129,0.061994,4.480038,0.011695,0.012660,0.014596,0.015484,0.014922,0.014180,0.017143,0.018075,0.021582,0.021504,0.019736,0.023977,0.030732,0.024231,0.031423,0.025522,0.026057,0.025964,0.023113,0.025431,0.027293,0.029589,0.023699,0.026570,0.025137,0.032597,0.035004,0.030306,0.024336,0.017313,0.014548,0.014816,0.017245,0.020104,0.017231,0.016606,0.020757,0.012232,0.015862,0.016232,0.013948,0.014342,0.019827,0.023220,0.021976,0.022453,0.016494,0.013102,0.010827,6.715986,3.862525,0.826586,0.260136,0.231495,0.141410,0.118546,0.083148,0.062280,0.059540,0.050436,0.047045,0.035500,0.024727,0.024419,0.022742,0.020792,0.017260,0.013793,0.017443,0.013846,0.014929,0.014219,0.012338,0.011786,0.011099,0.009966,0.010021,0.008682,0.008100,0.008121,0.008109,0.007338,0.007429,0.007252,0.006802,0.006330,0.007484,0.006579,0.005589,0.006189,0.006319,0.006260,0.005758,0.006338,0.006401,0.006251,0.006393,0.006511,0.006044,0.105935,0.065678,0.664828,0.084932,0.523093,0.072168,0.228682,0.374293,0.253039,0.082511,0.078652,0.710524,0.127043,0.170072,0.268780,0.455737,0.364875,0.154993,0.239156,0.111867,0.733387,0.136592,0.228112,0.306279,0.330921,0.108267,0.326655,0.425310,0.162806,0.154955,0.128283,0.712942,0.106665,0.125292,0.258117,0.387493,0.362274,0.218452,0.279577,0.423584,0.450651,0.328898,0.272565,0.302568,0.293851,0.424071,0.170615,0.215276,0.401596,0.535226,0.335893,0.221880,0.126968,0.344655,0.364491,0.441422,0.272895,0.173120,0.716845,0.126929,0.129359,0.078486,0.122390,0.321196,0.501632,0.536724,0.436128,0.260656,0.160219,0.186583,0.125706,0.150634,0.469772,0.197018,0.412158,0.445122,0.322918,0.160754,0.161929,0.152581,0.439169,0.027820,9.981139,1.447322,1.172391,0.810041,0.713211,0.538543
167,502,0.902390,0.924303,0.928287,8554.425896,28,24,530.875017,80.750034,0.258337,25.281738,0.747024,0.972282,0.917182,1.004188,25.931536,25.051285,-75.067537,84.183766,0.821280,4622096.686180,19.307692,26,29,0.945609,2293.115875,28.791902,24.000000,0.161532,0.000031,0.000062,0.000001,-0.000000,0.000000,-0.000000,1,1.943708,0.613099,0.673584,-0.462392,502,8554.425896,530.875017,80.750034,25.931536,25.051285,84.183766,2293.115875,58.399138,106.366534,6.050435,0.049835,-0.935334,0.021452,0.010868,0.016328,0.019456,0.026882,0.028968,0.031418,0.031551,0.030249,0.025021,0.019062,0.020853,0.025249,0.014064,0.020639,0.015439,0.019196,0.020051,0.020295,0.019332,0.023578,0.031921,0.032936,0.036919,0.030162,0.030814,0.039409,0.033759,0.032584,0.026384,0.022713,0.020408,0.019563,0.017594,0.014615,0.015999,0.016274,0.010338,0.012345,0.010724,0.012571,0.011615,0.009872,0.011012,0.011006,0.012494,0.012950,0.013373,0.011148,0.707767,1.502940,1.747897,1.160439,0.539072,0.128384,0.134807,0.134632,0.085111,0.039665,0.043540,0.047032,0.037058,0.021091,0.021687,0.024289,0.021965,0.015029,0.012802,0.014178,0.014738,0.011254,0.008857,0.009376,0.010518,0.009430,0.007673,0.006643,0.007479,0.007319,0.006026,0.005219,0.005817,0.006156,0.005212,0.004455,0.005077,0.005363,0.004596,0.004127,0.004322,0.004667,0.004333,0.004029,0.004150,0.004368,0.004219,0.004049,0.004059,0.004170,0.037237,0.037010,0.823996,0.070084,0.505702,0.045917,0.117524,0.174672,0.105812,0.037930,0.044374,0.931247,0.053706,0.059590,0.166033,0.224633,0.184063,0.105015,0.228862,0.085991,0.886746,0.050317,0.062164,0.180092,0.152228,0.044594,0.299859,0.212798,0.239198,0.067624,0.062340,0.833348,0.059710,0.198784,0.294456,0.254530,0.262667,0.309091,0.141253,0.240062,0.422365,0.348886,0.461753,0.377334,0.319642,0.518451,0.090474,0.141689,0.234563,0.392776,0.352164,0.275823,0.082954,0.535416,0.233242,0.374577,0.148677,0.063761,0.859858,0.057998,0.088628,0.080872,0.148328,0.317452,0.556180,0.418195,0.348176,0.459047,0.137799,0.111741,0.105895,0.200891,0.579608,0.100109,0.282609,0.319736,0.389169,0.140122,0.102966,0.090621,0.531063,0.070835,5.963145,0.913357,0.943330,1.032816,0.959211,0.665782
168,2419,0.887557,0.482844,0.895825,146486.182252,114,38,2788.731430,243.462860,0.932652,55.497446,0.558403,2.186598,15.535321,2.028867,94.295802,34.019793,89.479853,260.545202,0.884886,13965872.897586,63.657895,38,114,0.867419,25031.341321,114.070152,38.000000,0.259531,0.039900,0.000081,0.000004,-0.000000,-0.000001,0.000000,1,2.505653,0.766068,0.706422,0.432098,2419,146486.182252,2788.731430,243.462860,94.295802,34.019793,260.545202,25031.341321,60.392062,90.438611,6.789748,0.053110,2.581242,0.010982,0.002493,0.003144,0.003208,0.003641,0.003506,0.004231,0.004661,0.005934,0.007189,0.007357,0.008329,0.009436,0.007825,0.010946,0.009435,0.013955,0.024770,0.043859,0.071929,0.071024,0.055296,0.056301,0.066828,0.055500,0.072584,0.079213,0.059358,0.078181,0.042940,0.017851,0.010086,0.008377,0.007924,0.007547,0.008216,0.008435,0.005174,0.006593,0.005497,0.005765,0.004652,0.003570,0.003278,0.003124,0.003090,0.002856,0.002681,0.002206,3.405925,3.433089,1.843070,0.807037,0.253612,0.173991,0.138269,0.097649,0.073471,0.054315,0.052753,0.042778,0.034966,0.027788,0.027021,0.022894,0.020449,0.017721,0.014149,0.013409,0.012665,0.010766,0.010058,0.009001,0.008776,0.007879,0.006783,0.006291,0.006805,0.006198,0.005759,0.006004,0.005714,0.005291,0.005585,0.005728,0.006047,0.005711,0.005391,0.005655,0.005221,0.004922,0.005277,0.005138,0.004547,0.004523,0.004449,0.004308,0.004205,0.004276,0.039914,0.055548,0.822240,0.101968,0.270366,0.043562,0.379351,0.280690,0.105614,0.046564,0.109858,0.792105,0.081156,0.039809,0.089411,0.527162,0.236262,0.091906,0.203413,0.148941,0.808724,0.060810,0.062604,0.152177,0.473682,0.068571,0.150174,0.135537,0.360097,0.506282,0.169155,0.439252,0.090378,0.450538,0.357688,0.187050,0.133518,0.290356,0.630776,0.226985,0.074943,0.166336,0.507760,0.350491,0.185787,0.310797,0.171812,0.574291,0.252274,0.099901,0.248529,0.536939,0.218401,0.269598,0.147191,0.549120,0.524146,0.120686,0.541326,0.118541,0.217333,0.160283,0.086584,0.115565,0.366018,0.818087,0.203091,0.073719,0.112797,0.233509,0.240451,0.107988,0.299706,0.085691,0.794513,0.272528,0.077971,0.101228,0.159363,0.241169,0.312129,0.035634,9.284377,7.657143,7.104792,0.927865,0.934436,0.558403
169,5048,0.871115,0.896852,0.888933,272012.181917,88,85,5816.876625,269.753251,0.297608,80.170526,0.674866,2.626870,2.303884,2.415804,83.367641,79.590088,-79.560724,369.960461,0.924714,17494302.347512,60.130952,84,88,0.867820,27823.121508,92.355882,83.143901,0.164448,0.000058,0.000003,0.000002,0.000000,-0.000000,-0.000000,1,1.888500,0.629923,0.690108,-0.400531,5048,272012.181917,5816.876625,269.753251,83.367641,79.590088,369.960461,27823.121508,51.512544,74.484152,6.640771,0.039208,2.077249,0.012013,0.014110,0.018503,0.016119,0.019954,0.020926,0.023362,0.022669,0.025247,0.032464,0.036275,0.032648,0.037468,0.026753,0.031730,0.025805,0.024610,0.024371,0.023099,0.021453,0.019448,0.025461,0.025328,0.027867,0.024697,0.026003,0.026835,0.025974,0.024209,0.021401,0.017076,0.016632,0.015332,0.014931,0.015776,0.017288,0.012888,0.010673,0.012819,0.009905,0.014873,0.018949,0.018945,0.015959,0.013066,0.014588,0.012433,0.012645,0.010431,11.108161,4.288319,0.909359,0.340150,0.190277,0.156123,0.127110,0.091251,0.067038,0.055405,0.051022,0.041608,0.035486,0.026248,0.024674,0.020294,0.020263,0.017359,0.016659,0.015117,0.014289,0.012452,0.012037,0.009421,0.008989,0.008503,0.008598,0.008739,0.008930,0.008196,0.007633,0.007608,0.007425,0.007887,0.007876,0.006443,0.006363,0.006618,0.005915,0.005270,0.005282,0.005701,0.005289,0.005608,0.006192,0.006674,0.005886,0.005441,0.005671,0.005318,0.104903,0.132350,0.679257,0.123795,0.468966,0.105942,0.194381,0.436773,0.187231,0.096325,0.169944,0.697179,0.136692,0.152351,0.330469,0.384077,0.398978,0.134076,0.270245,0.147200,0.703157,0.104073,0.221786,0.365791,0.320618,0.102749,0.322013,0.339623,0.253249,0.233661,0.185194,0.657255,0.173036,0.218564,0.361033,0.302629,0.202561,0.349974,0.321246,0.446884,0.322404,0.361358,0.330585,0.382787,0.207956,0.427393,0.234995,0.203140,0.409719,0.427392,0.325686,0.235643,0.206738,0.407398,0.303178,0.468715,0.323116,0.146366,0.673078,0.142942,0.161867,0.182908,0.171572,0.141161,0.476820,0.562248,0.495220,0.188795,0.162124,0.223460,0.251023,0.128357,0.382501,0.176114,0.422702,0.571378,0.241005,0.122349,0.188871,0.217687,0.401762,0.036882,13.644701,0.953672,0.877045,0.919651,0.729141,0.683306
170,1422,0.926864,0.751758,0.932489,48558.419549,52,35,1476.700481,139.400962,0.720306,42.550519,0.781319,1.608726,4.937651,1.330210,51.367221,35.631218,-87.328439,147.154329,0.891893,7862173.048631,40.628571,35,52,0.962958,7199.236253,52.085744,35.000000,0.171652,0.003615,0.000096,0.000002,0.000000,0.000000,-0.000000,1,2.047967,0.629183,0.691199,-0.307244,1422,48558.419549,1476.700481,139.400962,51.367221,35.631218,147.154329,7199.236253,65.773107,113.559072,6.790088,0.062380,1.042008,0.010982,0.015180,0.023176,0.022636,0.023503,0.020070,0.017709,0.014254,0.013259,0.012626,0.009259,0.011756,0.014709,0.009120,0.017505,0.018941,0.029032,0.034012,0.027370,0.027897,0.034190,0.041187,0.044204,0.053338,0.048114,0.044707,0.045263,0.035955,0.034567,0.025262,0.018798,0.015314,0.012939,0.012385,0.009298,0.010534,0.010587,0.007578,0.011053,0.010687,0.012495,0.013486,0.012453,0.011612,0.011379,0.013255,0.012749,0.013136,0.011460,2.674383,3.997085,2.445011,0.982955,0.279530,0.189652,0.145999,0.100789,0.072083,0.048772,0.045736,0.043053,0.030655,0.022510,0.025569,0.020901,0.019012,0.016439,0.014147,0.014305,0.014475,0.010044,0.010050,0.010680,0.009230,0.007841,0.008158,0.006588,0.007302,0.006737,0.005762,0.005647,0.006216,0.005673,0.005465,0.004963,0.005116,0.005598,0.004817,0.004247,0.004481,0.004869,0.004318,0.004439,0.004472,0.004384,0.004309,0.004387,0.004597,0.005210,0.048974,0.059974,0.822511,0.089871,0.456059,0.072038,0.210816,0.172155,0.148799,0.050501,0.071957,0.829234,0.054127,0.061488,0.167326,0.460491,0.198032,0.136615,0.262929,0.100114,0.830852,0.043877,0.075084,0.177136,0.344498,0.095351,0.252622,0.182531,0.252445,0.286050,0.092753,0.701303,0.137685,0.275173,0.310749,0.359798,0.161096,0.218663,0.467413,0.338265,0.110433,0.268191,0.510732,0.375821,0.327298,0.407775,0.092899,0.347075,0.416430,0.199935,0.304354,0.419505,0.211187,0.421927,0.175840,0.364256,0.405279,0.078098,0.738491,0.121373,0.197139,0.163496,0.200872,0.148965,0.321486,0.767346,0.369606,0.080551,0.100447,0.211377,0.226101,0.191430,0.410253,0.068749,0.563696,0.477298,0.160236,0.098823,0.160991,0.195915,0.426208,0.065668,9.663324,3.711934,3.069293,0.826872,0.947311,0.781319
171,3626,0.905379,0.781241,0.897655,191904.187245,69,86,4051.426478,231.852957,0.710588,67.946792,0.611055,2.541395,6.150787,2.763037,82.271517,57.886904,3.258474,257.456890,0.928164,12203370.224341,52.536232,69,86,0.894993,18461.226308,86.833131,65.062609,0.174378,0.003468,0.000100,0.000018,0.000000,0.000001,-0.000000,1,2.092942,0.639394,0.696710,-0.272212,3626,191904.187245,4051.426478,231.852957,82.271517,57.886904,257.456890,18461.226308,62.484476,75.576669,6.866794,0.056642,3.668343,0.011021,0.014224,0.018234,0.022461,0.033349,0.026452,0.028459,0.034450,0.037698,0.037368,0.038299,0.042506,0.033957,0.018856,0.022935,0.019004,0.019707,0.020696,0.018008,0.016472,0.015265,0.018403,0.017088,0.018151,0.013954,0.016074,0.019473,0.014509,0.015935,0.014300,0.012885,0.011865,0.013967,0.014559,0.013590,0.016139,0.022323,0.017358,0.025142,0.023451,0.030475,0.027155,0.017793,0.016892,0.017124,0.015329,0.013726,0.012948,0.010994,9.470956,5.555048,1.066038,0.471699,0.278190,0.161237,0.126065,0.084140,0.075085,0.057238,0.042601,0.039442,0.036622,0.028161,0.023027,0.021963,0.019189,0.017740,0.014037,0.014290,0.013078,0.011887,0.010942,0.011243,0.009019,0.009258,0.009025,0.007792,0.007903,0.007546,0.007427,0.006884,0.006588,0.006310,0.006292,0.005641,0.005510,0.005557,0.005291,0.005445,0.004933,0.005137,0.004904,0.004544,0.004514,0.004823,0.004491,0.004440,0.004697,0.004599,0.157784,0.073580,0.618672,0.098053,0.587840,0.075583,0.131246,0.344520,0.300219,0.144976,0.076763,0.694177,0.121250,0.236989,0.377610,0.264631,0.347659,0.294713,0.258132,0.101199,0.692544,0.104570,0.266977,0.422220,0.225893,0.074527,0.355592,0.440425,0.190663,0.104285,0.103586,0.707013,0.085287,0.105790,0.154352,0.453772,0.424037,0.204410,0.181350,0.446019,0.402209,0.349019,0.187274,0.166068,0.447604,0.378464,0.110112,0.169231,0.459035,0.475044,0.391583,0.177209,0.096679,0.430734,0.401722,0.405131,0.152390,0.103565,0.757138,0.100632,0.099444,0.113304,0.185545,0.408569,0.437078,0.296163,0.630094,0.221007,0.161489,0.163033,0.143068,0.187963,0.399196,0.117262,0.238005,0.656531,0.266564,0.163975,0.159903,0.128431,0.446323,0.054704,14.083911,2.226097,2.420240,1.087213,0.900551,0.610886
172,2918,0.885802,0.883059,0.917010,124174.067627,74,64,3664.492451,216.984902,0.459127,60.953367,0.616132,2.985574,2.888484,2.071854,65.810165,58.463835,85.560936,270.421356,0.907310,12718563.574816,45.562500,64,75,0.796290,17714.892815,74.430848,63.319407,0.165917,0.000382,0.000174,0.000003,0.000000,-0.000000,0.000000,1,1.962585,0.639163,0.692364,-0.376992,2918,124174.067627,3664.492451,216.984902,65.810165,58.463835,270.421356,17714.892815,60.023426,88.438657,6.726762,0.052498,1.749857,0.010969,0.012791,0.016195,0.014504,0.014453,0.014407,0.013490,0.014321,0.017123,0.020936,0.023400,0.033145,0.035743,0.020361,0.030325,0.028607,0.029314,0.023232,0.019098,0.019206,0.021985,0.022724,0.018862,0.023760,0.025516,0.032035,0.032041,0.024574,0.024207,0.026032,0.026707,0.020110,0.017143,0.018236,0.017060,0.018618,0.024973,0.018595,0.025139,0.022539,0.022424,0.018049,0.014023,0.013046,0.014220,0.015623,0.014333,0.015287,0.011488,6.405033,5.079209,1.428680,0.371877,0.190604,0.150029,0.127691,0.073631,0.066467,0.056630,0.042881,0.042137,0.034826,0.028353,0.027794,0.022616,0.018393,0.015088,0.015370,0.015757,0.016039,0.013788,0.012936,0.012288,0.012815,0.012290,0.009486,0.008855,0.008218,0.008118,0.008758,0.007772,0.008108,0.008173,0.008047,0.007054,0.007146,0.006988,0.007000,0.006942,0.006239,0.006292,0.006932,0.007065,0.006576,0.006223,0.006288,0.007025,0.007251,0.006507,0.098801,0.068110,0.731898,0.121122,0.491864,0.093220,0.208319,0.327278,0.184730,0.084504,0.096080,0.759590,0.119028,0.149615,0.263263,0.382470,0.357703,0.162960,0.273349,0.113830,0.802809,0.078842,0.119472,0.296164,0.289408,0.129128,0.243282,0.346314,0.231685,0.216680,0.187863,0.699258,0.137880,0.172373,0.335750,0.306157,0.329328,0.265127,0.262472,0.321238,0.310589,0.378915,0.350842,0.454652,0.281645,0.458949,0.154050,0.183465,0.298145,0.369388,0.443717,0.340553,0.261600,0.354033,0.326977,0.407208,0.368051,0.169876,0.683084,0.123765,0.153040,0.177028,0.162066,0.296495,0.496365,0.626964,0.322062,0.184878,0.156380,0.196749,0.228988,0.138287,0.385618,0.291230,0.538413,0.366966,0.290540,0.158673,0.202740,0.210974,0.383047,0.039903,10.790568,1.394155,0.967480,0.693955,0.802396,0.607500
173,3287,0.690904,0.692425,0.687861,66364.477171,82,94,5034.298615,264.597229,0.666087,64.692646,0.426440,5.264287,4.767365,4.860627,82.720316,61.698969,-12.953726,425.244733,0.867555,20053668.608594,25.724708,82,93,0.652921,10859.661147,94.132856,75.439110,0.202430,0.003330,0.001691,0.000171,0.000000,0.000004,0.000000,1,2.052684,0.665480,0.699877,-0.133544,3287,66364.477171,5034.298615,264.597229,82.720316,61.698969,425.244733,10859.661147,71.868942,102.932461,6.948706,0.073588,2.441123,0.010172,0.013424,0.014203,0.014373,0.020917,0.020125,0.021326,0.022469,0.025422,0.024569,0.016527,0.015549,0.023338,0.017642,0.025235,0.019473,0.020832,0.018990,0.016451,0.015447,0.017850,0.020376,0.020181,0.020358,0.014073,0.012677,0.017342,0.021129,0.032792,0.024351,0.025200,0.028175,0.034466,0.037513,0.031133,0.026058,0.022501,0.016020,0.022275,0.022483,0.029455,0.024892,0.018151,0.014734,0.015867,0.019857,0.016489,0.015910,0.011375,4.705034,2.659314,0.472728,0.348054,0.273780,0.162533,0.105258,0.069797,0.080488,0.062373,0.056168,0.038123,0.028666,0.027837,0.026292,0.021983,0.025281,0.017851,0.015446,0.014575,0.012769,0.011296,0.013123,0.012406,0.011996,0.009745,0.009094,0.008512,0.009229,0.007778,0.007655,0.007820,0.006766,0.006200,0.006937,0.006559,0.005398,0.005619,0.005611,0.006005,0.005668,0.005572,0.005192,0.005059,0.005212,0.005928,0.005708,0.004999,0.005179,0.005680,0.144017,0.095686,0.679823,0.121065,0.520699,0.118203,0.258595,0.316230,0.203259,0.086212,0.102535,0.782702,0.176366,0.139240,0.207884,0.380026,0.328004,0.153999,0.339606,0.110712,0.782263,0.175277,0.179961,0.203698,0.246894,0.152790,0.267529,0.278923,0.331907,0.410852,0.121740,0.662952,0.124863,0.191717,0.250265,0.271911,0.195541,0.356746,0.594167,0.319607,0.236092,0.279280,0.357296,0.268274,0.214343,0.462089,0.204679,0.404966,0.359431,0.290496,0.319734,0.353518,0.180488,0.327447,0.242818,0.324268,0.291869,0.200193,0.777596,0.138391,0.113603,0.156672,0.222182,0.294177,0.435202,0.461242,0.399749,0.294989,0.294266,0.228843,0.188488,0.300010,0.544299,0.227536,0.288908,0.316193,0.221118,0.289959,0.247978,0.141946,0.503893,0.018177,7.729667,0.980813,0.905605,0.923321,0.622223,0.431025
174,1830,0.972222,0.935185,0.980937,62115.831746,51,46,1868.176923,151.353847,0.422270,48.270367,0.780051,0.938619,1.573023,0.857136,50.728640,45.983989,-82.012361,157.781746,0.910628,8112380.452249,39.063830,47,51,0.979565,8001.702463,51.623581,46.000000,0.160019,0.000245,0.000001,0.000000,0.000000,-0.000000,0.000000,1,1.938145,0.625986,0.694857,-0.478313,1830,62115.831746,1868.176923,151.353847,50.728640,45.983989,157.781746,8001.702463,66.250442,113.271038,6.888329,0.063231,0.131736,0.009930,0.014216,0.017101,0.016068,0.018160,0.017630,0.018349,0.017127,0.020063,0.023666,0.021754,0.026409,0.034649,0.021228,0.026357,0.021102,0.026738,0.025878,0.024931,0.026760,0.029753,0.035944,0.032704,0.033029,0.022990,0.021157,0.024756,0.022003,0.023014,0.020908,0.021119,0.019955,0.019139,0.016611,0.015075,0.018262,0.018946,0.013456,0.019972,0.017028,0.018603,0.018159,0.016548,0.015860,0.015550,0.015547,0.013396,0.012817,0.009514,4.363463,5.422879,2.429457,0.522836,0.315791,0.189863,0.141318,0.077853,0.075978,0.058530,0.045137,0.034325,0.033773,0.027901,0.021849,0.020543,0.019075,0.017087,0.013281,0.014098,0.012396,0.011007,0.009710,0.010138,0.008961,0.007901,0.007750,0.007716,0.006845,0.006297,0.006494,0.005977,0.005265,0.005374,0.005568,0.004979,0.004892,0.005029,0.005018,0.004651,0.004951,0.004733,0.004790,0.004778,0.004871,0.004448,0.004419,0.004518,0.004461,0.004557,0.062733,0.053925,0.735277,0.138235,0.508157,0.059656,0.207623,0.292617,0.207123,0.073870,0.098059,0.792547,0.117892,0.156613,0.243537,0.364325,0.301628,0.188008,0.310513,0.138016,0.784671,0.058666,0.168265,0.275810,0.232409,0.079778,0.317204,0.228318,0.261887,0.234271,0.172867,0.703006,0.094334,0.220362,0.306964,0.385507,0.202885,0.301607,0.327927,0.433281,0.340859,0.312500,0.333806,0.364568,0.338265,0.483543,0.156406,0.209502,0.393364,0.393407,0.348788,0.214266,0.171775,0.437329,0.224110,0.414759,0.296727,0.105525,0.775081,0.109017,0.137360,0.116693,0.182876,0.215314,0.443456,0.592000,0.460686,0.256067,0.132215,0.165508,0.215460,0.193446,0.466302,0.089919,0.382842,0.472568,0.269890,0.101956,0.094949,0.199023,0.522231,0.073509,11.598300,1.835208,1.675890,0.913188,0.959261,0.765957
175,858,0.803260,0.669383,0.807916,11052.332068,39,35,1044.453948,115.907897,0.707224,33.052073,0.628571,2.859141,3.155345,2.702356,41.765995,29.528111,-82.275185,136.396970,0.833148,7327294.788490,16.428330,36,39,0.821482,2754.804757,40.706073,34.404976,0.190360,0.004030,0.001110,0.000018,0.000000,0.000001,-0.000000,1,2.039412,0.629118,0.647491,-0.225530,858,11052.332068,1044.453948,115.907897,41.765995,29.528111,136.396970,2754.804757,68.545709,94.538462,6.760545,0.067388,1.521976,0.012856,0.019926,0.027876,0.028037,0.031882,0.024597,0.022610,0.022617,0.027420,0.027033,0.021374,0.020504,0.022686,0.014902,0.018010,0.015810,0.018897,0.019417,0.019883,0.024607,0.033286,0.040084,0.035142,0.033950,0.022297,0.020037,0.024281,0.024422,0.025264,0.016694,0.014623,0.014076,0.015165,0.014507,0.013584,0.015563,0.018977,0.013420,0.019952,0.016184,0.016468,0.015333,0.013852,0.013420,0.015892,0.019873,0.018983,0.016280,0.010303,1.159244,1.980674,1.658990,0.867988,0.407183,0.187340,0.091399,0.095266,0.083034,0.055852,0.042066,0.030018,0.035663,0.032429,0.022396,0.017763,0.018159,0.015370,0.012222,0.011875,0.011520,0.010044,0.011200,0.011100,0.009806,0.009708,0.009691,0.008523,0.007568,0.007210,0.006740,0.006089,0.006777,0.006634,0.005559,0.005969,0.006216,0.005791,0.006062,0.005883,0.005669,0.005747,0.005421,0.005102,0.004799,0.004753,0.005088,0.004919,0.005233,0.005369,0.038657,0.052347,0.782838,0.066908,0.510756,0.055550,0.106759,0.308296,0.089727,0.034416,0.045693,0.844139,0.050194,0.135116,0.188863,0.236322,0.405932,0.084146,0.233843,0.074776,0.858007,0.056464,0.143866,0.196566,0.200193,0.149986,0.280091,0.178283,0.252647,0.306371,0.058925,0.741012,0.079203,0.142358,0.432009,0.211606,0.151783,0.400333,0.395765,0.283505,0.356520,0.249380,0.296172,0.519985,0.179696,0.396225,0.286032,0.221555,0.340184,0.436516,0.289670,0.284595,0.213532,0.441964,0.181530,0.289645,0.398113,0.100360,0.815212,0.107488,0.092888,0.082964,0.151486,0.216861,0.536325,0.588596,0.370366,0.306293,0.127861,0.170069,0.124478,0.164699,0.534702,0.364149,0.286360,0.370405,0.316385,0.100289,0.154017,0.135550,0.458293,0.046119,6.290462,1.167628,1.103599,0.945164,0.849784,0.611823
176,1344,0.825893,0.832589,0.910714,38919.096990,43,54,1742.140300,151.280600,0.500839,41.367064,0.578811,2.691472,2.672425,1.645418,45.860579,39.694186,-7.421786,177.130988,0.858584,9340401.584970,31.255814,43,52,0.771465,6658.386230,55.540954,42.308792,0.170949,0.000601,0.000017,0.000014,0.000000,-0.000000,0.000000,1,1.970429,0.642479,0.691388,-0.293285,1344,38919.096990,1742.140300,151.280600,45.860579,39.694186,177.130988,6658.386230,69.468740,115.980655,6.890938,0.069089,0.934146,0.010366,0.013653,0.020011,0.020617,0.024861,0.021814,0.021194,0.022668,0.024553,0.021137,0.016664,0.017233,0.024699,0.018442,0.024798,0.020323,0.022494,0.021638,0.017469,0.018816,0.025238,0.031521,0.030624,0.032093,0.026767,0.022670,0.024271,0.021147,0.022321,0.019382,0.016594,0.016551,0.020507,0.020256,0.019132,0.024802,0.028050,0.017876,0.020759,0.020224,0.021551,0.019465,0.018622,0.018913,0.013734,0.014071,0.013394,0.015688,0.010695,2.217541,3.325672,1.832277,0.462952,0.227857,0.162694,0.130817,0.098757,0.068572,0.052695,0.048557,0.040721,0.033834,0.026388,0.022756,0.020221,0.018836,0.014202,0.016121,0.013873,0.012513,0.013579,0.010709,0.012129,0.010808,0.008277,0.009135,0.007272,0.007646,0.008128,0.007035,0.006915,0.006831,0.006509,0.006742,0.006379,0.006191,0.006053,0.005289,0.004921,0.004965,0.004971,0.005097,0.005144,0.005008,0.005861,0.005369,0.005434,0.005447,0.004716,0.048732,0.042687,0.767464,0.102522,0.516379,0.083778,0.137220,0.273336,0.170532,0.059137,0.087117,0.837720,0.080048,0.123231,0.272567,0.262585,0.303768,0.173277,0.256901,0.123995,0.836583,0.060874,0.128930,0.252008,0.195342,0.091179,0.297398,0.271533,0.158043,0.204717,0.173110,0.754947,0.168919,0.220671,0.311874,0.291503,0.313918,0.227221,0.240262,0.324081,0.388361,0.418788,0.307216,0.385128,0.343739,0.477255,0.203897,0.206177,0.279200,0.396969,0.380579,0.259409,0.228644,0.433813,0.291600,0.309355,0.340975,0.213413,0.753215,0.154604,0.196136,0.107556,0.127222,0.325531,0.457517,0.467255,0.464249,0.304019,0.177094,0.213873,0.206557,0.196604,0.495337,0.291843,0.325438,0.380396,0.315414,0.125994,0.178727,0.254008,0.455008,0.042836,7.587605,1.624161,0.992923,0.611345,0.854061,0.601073
177,511,0.627219,0.694280,0.623274,4660.738607,44,24,732.925232,106.850464,0.752671,25.507360,0.483902,3.149457,3.853059,3.138814,36.882014,24.282995,76.785969,128.811183,0.710136,7641075.398099,11.649504,26,45,0.697206,1685.694374,45.121793,24.000000,0.238030,0.008849,0.008294,0.001910,0.000008,0.000179,0.000000,1,2.290773,0.722336,0.722893,0.174691,511,4660.738607,732.925232,106.850464,36.882014,24.282995,128.811183,1685.694374,64.545561,118.395303,6.199717,0.060212,-1.482373,0.018317,0.005725,0.008337,0.008698,0.010432,0.009705,0.010442,0.011923,0.014389,0.015615,0.013997,0.017259,0.019350,0.012163,0.019268,0.016324,0.021698,0.024665,0.024787,0.027384,0.041074,0.067327,0.071016,0.076358,0.047954,0.031583,0.040243,0.038425,0.039491,0.032290,0.030076,0.027222,0.022839,0.018577,0.013869,0.011639,0.010237,0.007413,0.009823,0.009563,0.009279,0.008480,0.006949,0.006011,0.006028,0.006955,0.006512,0.006060,0.004547,0.386328,0.829851,0.906615,0.600443,0.375890,0.163843,0.088922,0.087040,0.087982,0.068210,0.052001,0.041426,0.039034,0.032406,0.027580,0.023250,0.021499,0.016435,0.013272,0.012041,0.012545,0.011488,0.010982,0.010747,0.010544,0.009189,0.008780,0.008416,0.007698,0.006554,0.006167,0.006457,0.006916,0.006672,0.005852,0.005086,0.005339,0.005232,0.004715,0.004129,0.003751,0.003859,0.004048,0.004374,0.004426,0.004069,0.003847,0.003904,0.004171,0.004591,0.028527,0.033124,0.874914,0.070072,0.404468,0.040080,0.161624,0.154634,0.111660,0.027088,0.042365,0.946089,0.041181,0.063760,0.145065,0.203962,0.149599,0.107697,0.237882,0.082353,0.929802,0.048408,0.072788,0.150620,0.089928,0.047183,0.177354,0.172141,0.234114,0.149847,0.063685,0.800282,0.068154,0.273948,0.284750,0.296342,0.180996,0.288373,0.319640,0.184057,0.331886,0.403524,0.482005,0.352056,0.344641,0.525928,0.128695,0.230427,0.217085,0.367831,0.444407,0.270536,0.120407,0.431423,0.180734,0.403747,0.288800,0.092400,0.820029,0.065523,0.067739,0.091657,0.150487,0.186438,0.523691,0.652259,0.271216,0.278310,0.179222,0.164570,0.139402,0.189449,0.513828,0.156580,0.417799,0.284093,0.314135,0.222078,0.199403,0.149211,0.496154,0.030797,3.967047,1.227552,1.223404,0.996621,0.829512,0.433333
178,481,0.303347,0.154812,0.372385,3170.940365,74,28,868.252607,159.505214,0.987218,24.747287,0.232143,3.544801,14.276105,3.211899,81.874327,13.048775,-69.707054,161.746212,0.575516,11914847.815276,8.441310,16,76,0.553986,1627.347604,78.433147,16.708130,0.891292,0.717638,0.386843,0.351668,0.129705,0.295744,-0.000857,1,2.401458,1.070427,0.938572,0.558526,481,3170.940365,868.252607,159.505214,81.874327,13.048775,161.746212,1627.347604,57.218213,98.769231,4.903135,0.047935,0.097866,0.037599,0.003217,0.004319,0.004587,0.005695,0.006208,0.006787,0.007212,0.008827,0.010578,0.010966,0.016641,0.026026,0.021484,0.039034,0.038058,0.049521,0.051835,0.057609,0.080009,0.102551,0.103134,0.077244,0.066427,0.030442,0.022202,0.021973,0.014737,0.013138,0.009522,0.008734,0.007447,0.006816,0.007676,0.006330,0.006526,0.006131,0.003471,0.004080,0.003071,0.003391,0.003427,0.003218,0.003203,0.003177,0.003606,0.003252,0.003608,0.002855,0.163465,0.300436,0.353984,0.280608,0.250748,0.206591,0.156654,0.089269,0.070149,0.050222,0.037469,0.030487,0.031295,0.028588,0.026940,0.022267,0.018526,0.014268,0.011561,0.009397,0.009103,0.009012,0.009445,0.009585,0.008990,0.007237,0.006364,0.005853,0.005706,0.005614,0.005719,0.005704,0.005526,0.005154,0.004649,0.004275,0.004422,0.004607,0.004447,0.004295,0.004290,0.004363,0.004171,0.003856,0.003710,0.003769,0.003584,0.003482,0.003394,0.003328,0.024895,0.040491,0.938348,0.071405,0.326417,0.027246,0.041939,0.038962,0.039698,0.028107,0.037374,0.988728,0.037744,0.038117,0.026810,0.057116,0.084818,0.078591,0.156343,0.054612,0.959724,0.064887,0.044490,0.045377,0.070269,0.080334,0.178502,0.069299,0.126996,0.120524,0.113572,0.922668,0.101183,0.245963,0.142762,0.095952,0.181356,0.273957,0.437151,0.310056,0.221791,0.144222,0.507958,0.402430,0.338893,0.512499,0.149966,0.326520,0.291186,0.153007,0.093198,0.146971,0.215792,0.650522,0.073202,0.162881,0.178109,0.171272,0.895799,0.091954,0.238378,0.171888,0.098832,0.168150,0.327154,0.484969,0.468941,0.280065,0.182446,0.427850,0.290900,0.173734,0.634195,0.148129,0.195387,0.211436,0.162718,0.147586,0.113755,0.197835,0.626600,0.018386,2.973795,4.444755,4.027336,0.906087,0.986145,0.393092
179,2435,0.764658,0.619926,0.751128,44412.940681,72,63,3348.668609,213.337218,0.745925,55.680681,0.536817,4.559434,5.653849,4.349265,74.108105,49.358194,39.674311,276.699531,0.840594,29932070.296118,23.242917,63,77,0.727155,7828.283097,79.646251,60.324360,2.741392,7.097071,11.147951,10.513142,113.813208,27.991178,-0.466562,3,2.214378,0.654905,0.671024,-0.080046,4161,61130.071523,6360.693074,523.386148,204.401699,98.663714,663.582828,13633.380169,82.709037,113.701274,6.202278,0.095188,1.193171,0.029222,0.008899,0.013149,0.015106,0.017606,0.018072,0.017632,0.018061,0.018882,0.019766,0.016986,0.019295,0.024735,0.016162,0.026947,0.019961,0.025098,0.023798,0.019859,0.022470,0.028948,0.030588,0.030462,0.031236,0.026272,0.022518,0.031755,0.029822,0.033555,0.029549,0.033538,0.029610,0.038494,0.026585,0.026981,0.027288,0.022625,0.016779,0.018519,0.017471,0.014322,0.012265,0.009868,0.007428,0.006085,0.007464,0.008991,0.010238,0.008257,2.765449,1.636159,0.883905,0.407724,0.261774,0.133939,0.112679,0.097031,0.070444,0.057556,0.049762,0.037692,0.035538,0.029868,0.025022,0.021996,0.019102,0.019471,0.017738,0.013388,0.011700,0.013566,0.013494,0.012079,0.010289,0.010438,0.011035,0.009383,0.008705,0.007972,0.007610,0.007518,0.007254,0.007537,0.008207,0.007514,0.007159,0.006244,0.005785,0.006114,0.005983,0.006079,0.005881,0.006082,0.006147,0.006148,0.005871,0.005623,0.005418,0.005358,0.191506,0.212787,0.742820,0.204102,0.391384,0.176098,0.235834,0.230330,0.178175,0.193342,0.171315,0.842700,0.196522,0.217269,0.221732,0.190380,0.176998,0.143390,0.260804,0.147818,0.825867,0.179802,0.194167,0.190847,0.167040,0.151755,0.265875,0.298897,0.283843,0.268847,0.277066,0.622449,0.249286,0.261804,0.305535,0.263761,0.340845,0.329564,0.291535,0.353891,0.374971,0.389424,0.338753,0.303208,0.256976,0.430248,0.259550,0.277638,0.318241,0.319487,0.314297,0.318612,0.261812,0.445249,0.233124,0.256922,0.248900,0.233738,0.727757,0.257206,0.261646,0.239127,0.204041,0.313753,0.362895,0.358906,0.346466,0.342946,0.332714,0.351478,0.321589,0.256409,0.443182,0.344926,0.328776,0.270541,0.275214,0.253593,0.374082,0.284938,0.377027,0.031804,8.800159,1.299955,1.240033,0.953905,0.788728,0.502783
180,476,0.877637,0.890295,0.911392,7931.343353,27,24,530.071228,80.142455,0.379820,24.618327,0.734568,1.255156,1.229803,0.932505,26.074771,24.120734,49.672628,86.426407,0.792825,5353971.482414,18.960000,25,28,0.897993,2542.876344,29.529239,24.000000,0.165317,0.000165,0.000109,0.000005,-0.000000,0.000000,0.000000,1,1.928114,0.608190,0.656239,-0.361472,476,7931.343353,530.071228,80.142455,26.074771,24.120734,86.426407,2542.876344,60.376184,107.006303,6.116157,0.053084,-0.674217,0.019667,0.009442,0.013704,0.013437,0.015210,0.013240,0.012042,0.012497,0.012922,0.012885,0.010974,0.013128,0.016869,0.011946,0.021574,0.019564,0.027459,0.031693,0.030586,0.032655,0.038339,0.049600,0.045370,0.050530,0.032507,0.027182,0.038721,0.031437,0.033208,0.024191,0.019952,0.020698,0.021820,0.020105,0.016944,0.018798,0.022534,0.017659,0.020245,0.018104,0.017688,0.014478,0.012139,0.011004,0.010316,0.010483,0.008742,0.008325,0.007056,0.516039,1.184553,1.428257,0.984377,0.571274,0.205259,0.085396,0.092237,0.086763,0.055052,0.041154,0.036985,0.035018,0.025458,0.022132,0.020278,0.018419,0.013107,0.010381,0.011086,0.012203,0.009823,0.007467,0.007212,0.008938,0.009155,0.008128,0.007488,0.007749,0.007157,0.006555,0.006006,0.005622,0.004905,0.004676,0.004809,0.005100,0.004858,0.004371,0.004454,0.004958,0.005266,0.004928,0.004567,0.004507,0.004665,0.004286,0.003953,0.003909,0.004245,0.033690,0.034975,0.868101,0.062765,0.438708,0.043764,0.069746,0.185392,0.080535,0.030034,0.035012,0.940184,0.027602,0.080831,0.113885,0.219679,0.200269,0.072745,0.259311,0.071098,0.909125,0.036845,0.084778,0.115141,0.206857,0.048412,0.185083,0.187698,0.186492,0.059488,0.047162,0.858162,0.059198,0.086528,0.337122,0.251275,0.230327,0.248023,0.227572,0.192525,0.415656,0.350897,0.462062,0.444760,0.298936,0.526813,0.098051,0.217291,0.202811,0.393972,0.321713,0.398284,0.093225,0.445497,0.217802,0.352665,0.133435,0.074026,0.876267,0.060014,0.046309,0.068019,0.163352,0.268561,0.529927,0.590447,0.335751,0.320971,0.177311,0.059101,0.088150,0.199915,0.495611,0.137940,0.469233,0.308376,0.318641,0.174651,0.078598,0.086581,0.523787,0.063726,5.507576,1.318816,0.979801,0.742940,0.927291,0.677143
181,2915,0.907867,0.808834,0.883713,127613.457084,66,67,3554.260322,211.520644,0.566014,60.922026,0.659204,1.966041,3.925482,2.380134,68.930209,56.825776,-21.732507,269.421356,0.902168,13225441.373904,42.617647,68,68,0.820143,15772.682265,72.089363,65.002977,0.171051,0.001064,0.000043,0.000001,-0.000000,0.000000,0.000000,1,1.978984,0.634785,0.696405,-0.389921,2915,127613.457084,3554.260322,211.520644,68.930209,56.825776,269.421356,15772.682265,64.045272,103.923499,6.866332,0.059337,0.991506,0.009772,0.012124,0.016719,0.012696,0.013338,0.012186,0.012790,0.012419,0.011896,0.011746,0.010572,0.017302,0.026284,0.018540,0.024691,0.021604,0.027527,0.027514,0.025043,0.029338,0.031814,0.038339,0.029424,0.033003,0.027271,0.025694,0.031642,0.030344,0.036775,0.026789,0.022163,0.025861,0.029319,0.028943,0.021752,0.022347,0.033302,0.018720,0.021479,0.015939,0.015790,0.012237,0.010678,0.010508,0.010941,0.010593,0.011029,0.012926,0.010051,6.080893,4.702203,1.276843,0.359676,0.248399,0.148937,0.150558,0.103423,0.074049,0.054814,0.045748,0.032519,0.030964,0.026222,0.027322,0.022097,0.018348,0.017760,0.017021,0.014088,0.013834,0.011196,0.011944,0.009393,0.008872,0.008483,0.008410,0.007487,0.008058,0.007758,0.007536,0.007167,0.006150,0.006672,0.005820,0.005642,0.005485,0.005633,0.005718,0.005618,0.004973,0.005390,0.004755,0.005121,0.005098,0.005018,0.005417,0.004935,0.004254,0.004613,0.108373,0.118996,0.716769,0.111949,0.509701,0.117798,0.209084,0.326618,0.154069,0.117122,0.151389,0.744621,0.120956,0.135161,0.268963,0.391660,0.352942,0.160302,0.313714,0.126681,0.741328,0.110325,0.177694,0.267433,0.297478,0.128346,0.340198,0.293767,0.276821,0.176295,0.150254,0.675382,0.177761,0.268885,0.370034,0.294022,0.241459,0.376650,0.305170,0.316433,0.237947,0.418268,0.409400,0.373382,0.260734,0.387749,0.255556,0.264840,0.334290,0.318540,0.431893,0.308159,0.152896,0.442844,0.278913,0.406070,0.279588,0.148544,0.737634,0.125099,0.201960,0.148169,0.185965,0.228644,0.550746,0.529872,0.357882,0.190921,0.245450,0.296770,0.167153,0.151152,0.408739,0.333135,0.437071,0.391999,0.221671,0.272444,0.244860,0.148593,0.414557,0.040158,10.819484,1.649269,1.996643,1.210622,0.785092,0.626730
182,335,0.025000,0.203125,0.162500,1282.108976,48,43,1457.449959,145.899918,0.703913,20.652730,0.162306,6.488879,4.841605,4.928530,53.779515,38.198863,44.916135,184.296465,0.415150,13994854.853216,4.943903,44,50,0.229854,1216.798567,54.377871,39.020360,0.645401,0.063883,0.012126,0.000532,-0.000001,-0.000028,-0.000001,2,2.036468,1.124654,1.109958,0.093399,487,1984.233351,1749.025927,209.051853,75.809708,50.944135,250.066017,1749.179251,79.189170,90.554415,6.066873,0.087956,2.309460,0.040094,0.009688,0.013578,0.014791,0.017413,0.016333,0.015902,0.015048,0.016286,0.014414,0.011375,0.010385,0.011970,0.009778,0.014300,0.016318,0.025755,0.035168,0.037089,0.040599,0.040095,0.032438,0.023426,0.023715,0.024452,0.026839,0.033310,0.030830,0.033990,0.035377,0.038847,0.051197,0.057147,0.031165,0.018247,0.016380,0.014715,0.009074,0.011735,0.011259,0.011138,0.010195,0.009496,0.009415,0.010435,0.010877,0.009494,0.010113,0.008413,0.179060,0.213050,0.115533,0.090701,0.163651,0.163845,0.116558,0.077139,0.061543,0.064773,0.057230,0.037887,0.028665,0.024100,0.025422,0.024102,0.022935,0.020231,0.017398,0.014735,0.011627,0.011141,0.011999,0.011933,0.010176,0.010225,0.010091,0.009449,0.009427,0.007907,0.007325,0.006932,0.007546,0.008598,0.008631,0.006170,0.005572,0.006142,0.006606,0.006576,0.005311,0.005420,0.005667,0.005876,0.005886,0.005969,0.005184,0.005565,0.005970,0.006080,0.045934,0.071506,0.824002,0.087651,0.417778,0.067604,0.164734,0.307616,0.072387,0.054003,0.076784,0.830428,0.060465,0.051737,0.140917,0.425406,0.298900,0.071228,0.233685,0.095702,0.835700,0.057741,0.060889,0.157569,0.383944,0.089007,0.225016,0.102375,0.547031,0.128929,0.085402,0.626070,0.140228,0.240412,0.430014,0.109638,0.107674,0.574719,0.215025,0.216596,0.081301,0.267789,0.570682,0.387587,0.103588,0.333881,0.163461,0.273075,0.394449,0.105594,0.286709,0.591296,0.122551,0.416701,0.099189,0.658413,0.150085,0.096666,0.682141,0.156965,0.145019,0.094373,0.069939,0.098089,0.810088,0.415357,0.287812,0.098823,0.181906,0.157190,0.087121,0.060191,0.392534,0.303997,0.466937,0.511186,0.103299,0.149183,0.135253,0.124725,0.455393,0.009863,1.817723,0.982363,0.746139,0.759535,0.835987,0.145455
183,512,0.939453,0.900391,0.953125,9358.280916,28,24,533.545996,80.091993,0.501042,25.532306,0.761905,0.965059,1.308280,0.934337,27.519565,23.816061,-83.957340,83.597980,0.810381,5401771.465897,21.333333,24,28,0.959617,2264.482885,29.120426,24.000000,0.161370,0.000537,0.000014,0.000000,-0.000000,-0.000000,0.000000,1,1.970019,0.619509,0.694024,-0.490159,512,9358.280916,533.545996,80.091993,27.519565,23.816061,83.597980,2264.482885,57.371679,109.328125,6.092257,0.048180,-1.006242,0.019325,0.009018,0.011759,0.012822,0.014572,0.013796,0.015406,0.018093,0.020846,0.021794,0.018016,0.019408,0.026954,0.018577,0.028842,0.025771,0.034299,0.038466,0.034620,0.032452,0.034930,0.046562,0.038254,0.039703,0.024797,0.022505,0.033427,0.029790,0.032846,0.023816,0.020329,0.020642,0.021454,0.020049,0.015852,0.016758,0.019030,0.013259,0.016076,0.013758,0.012771,0.010777,0.008432,0.008000,0.007951,0.009183,0.008138,0.008307,0.007092,0.589503,1.315581,1.536551,1.029135,0.596213,0.226797,0.096810,0.090729,0.080040,0.054070,0.041110,0.031401,0.029424,0.023900,0.022069,0.018876,0.016299,0.013133,0.011613,0.011644,0.011504,0.009609,0.008286,0.007513,0.007634,0.007610,0.007314,0.006163,0.005757,0.005888,0.005899,0.004955,0.004487,0.004914,0.005032,0.004061,0.003677,0.004148,0.004240,0.003722,0.003429,0.003866,0.004064,0.003911,0.004026,0.004220,0.004017,0.003627,0.003545,0.003960,0.032806,0.038038,0.862687,0.061142,0.438067,0.039503,0.075869,0.203007,0.095268,0.027657,0.042008,0.935471,0.031360,0.070262,0.165547,0.193785,0.208608,0.089253,0.205801,0.080643,0.902763,0.031910,0.074107,0.168704,0.155625,0.049827,0.272920,0.208227,0.231705,0.086529,0.048912,0.822355,0.049476,0.122081,0.361287,0.262532,0.251677,0.282565,0.246740,0.257741,0.338648,0.417005,0.386277,0.439857,0.313434,0.465909,0.091297,0.197601,0.264555,0.328493,0.390160,0.302022,0.075427,0.555440,0.240912,0.387147,0.144463,0.080343,0.854918,0.052241,0.049056,0.073267,0.152847,0.312227,0.529213,0.548166,0.408201,0.301878,0.136668,0.077714,0.077624,0.182908,0.498886,0.102700,0.395241,0.387256,0.273961,0.141716,0.103713,0.067964,0.569091,0.073262,6.124550,1.400223,1.355649,0.968167,0.958061,0.761905
184,600,0.926050,0.803361,0.912605,12694.128716,32,28,647.342103,91.684206,0.694792,27.639532,0.669643,1.254543,2.411485,0.947748,32.840580,23.619293,62.252638,95.911688,0.833966,5098883.455433,24.791667,24,33,0.926867,2918.969335,36.357957,24.606295,0.170172,0.002931,0.000092,0.000003,0.000000,0.000000,-0.000000,1,1.956722,0.629237,0.679762,-0.259454,600,12694.128716,647.342103,91.684206,32.840580,23.619293,95.911688,2918.969335,60.040815,101.356667,6.363866,0.052527,-0.007058,0.015944,0.012969,0.015000,0.012914,0.013604,0.013769,0.013862,0.013193,0.013673,0.013880,0.012949,0.016745,0.021464,0.014719,0.023507,0.021432,0.026905,0.028492,0.026579,0.021714,0.021880,0.027661,0.027370,0.029852,0.022014,0.020552,0.029754,0.029012,0.030531,0.025052,0.027846,0.034882,0.040727,0.037566,0.032397,0.036154,0.039455,0.020833,0.020103,0.013847,0.013324,0.011160,0.009573,0.010263,0.009747,0.009942,0.009465,0.011670,0.009999,0.864516,1.785089,1.926520,1.143177,0.473556,0.141059,0.143271,0.109557,0.074789,0.048266,0.043344,0.041095,0.037975,0.025307,0.021730,0.020946,0.020203,0.018107,0.017019,0.014468,0.013647,0.012273,0.010546,0.009518,0.010112,0.008761,0.007456,0.007173,0.007624,0.007087,0.006729,0.006258,0.006040,0.006500,0.006464,0.005459,0.005557,0.005683,0.004822,0.004635,0.004907,0.004735,0.004135,0.004631,0.004888,0.004599,0.004367,0.004706,0.004664,0.004687,0.029242,0.051583,0.817059,0.086108,0.489440,0.043830,0.138488,0.242254,0.046302,0.039560,0.056403,0.911352,0.061828,0.045578,0.116361,0.272906,0.260799,0.052491,0.209203,0.077064,0.887108,0.047537,0.051763,0.129171,0.179465,0.057230,0.325923,0.188303,0.293764,0.087942,0.073023,0.793722,0.065929,0.216943,0.407446,0.133256,0.226615,0.345730,0.237225,0.206338,0.269289,0.334777,0.519404,0.503947,0.148073,0.414982,0.066226,0.220260,0.220142,0.295549,0.360983,0.345981,0.096322,0.616267,0.233560,0.443462,0.136138,0.073081,0.830934,0.090477,0.064626,0.090171,0.118185,0.302070,0.594544,0.511568,0.294316,0.310279,0.258007,0.113844,0.102085,0.143947,0.513931,0.084522,0.393706,0.277366,0.304843,0.229194,0.113261,0.074167,0.577064,0.065224,6.255755,2.544438,1.922201,0.755452,0.955923,0.751263
185,1961,0.907841,0.767821,0.896130,75862.132201,68,56,2483.611339,187.222677,0.688788,49.968217,0.514968,2.395831,5.000453,2.567584,59.890816,43.418622,30.299811,197.959415,0.898074,9404082.340217,34.456140,57,62,0.789576,10137.832716,69.641926,49.210600,0.174315,0.002939,0.000185,0.000005,-0.000000,-0.000000,0.000000,1,2.041477,0.655588,0.703014,-0.264588,1961,75862.132201,2483.611339,187.222677,59.890816,43.418622,197.959415,10137.832716,74.013844,102.399286,7.064559,0.077699,2.265675,0.008665,0.011284,0.016534,0.018620,0.023058,0.021778,0.022856,0.019721,0.018318,0.016307,0.014711,0.018379,0.019056,0.011661,0.012766,0.013181,0.018155,0.017652,0.015204,0.017183,0.021866,0.028164,0.033083,0.035210,0.026536,0.025923,0.037247,0.037419,0.032877,0.022089,0.015610,0.012468,0.012598,0.018223,0.019592,0.027814,0.037951,0.030785,0.039857,0.032450,0.030438,0.016529,0.010902,0.011252,0.012299,0.015053,0.010517,0.010396,0.008426,4.331580,5.240998,1.990468,0.504815,0.308920,0.137076,0.128327,0.092605,0.081171,0.055441,0.042392,0.039674,0.035898,0.031704,0.025918,0.018298,0.021035,0.019544,0.017968,0.015082,0.013265,0.014166,0.013219,0.011402,0.010769,0.009038,0.010898,0.009709,0.008686,0.007589,0.007541,0.008188,0.007962,0.006827,0.006251,0.006103,0.006833,0.006390,0.005782,0.005207,0.005445,0.005976,0.005671,0.005255,0.004985,0.005369,0.005580,0.005762,0.004809,0.005052,0.241374,0.074952,0.719707,0.129432,0.571289,0.091931,0.166514,0.127920,0.149920,0.267389,0.129206,0.797264,0.103454,0.124888,0.336296,0.283419,0.180066,0.155027,0.278157,0.150673,0.804330,0.068609,0.088219,0.334251,0.195188,0.124310,0.274251,0.548448,0.102487,0.075296,0.103048,0.722693,0.151914,0.186845,0.236727,0.189994,0.563301,0.126026,0.112524,0.139788,0.368271,0.529051,0.291812,0.307794,0.197977,0.424506,0.167976,0.141609,0.157884,0.392529,0.568562,0.263943,0.186535,0.405949,0.440603,0.298437,0.105652,0.080344,0.771058,0.171509,0.135626,0.205546,0.120814,0.446994,0.361843,0.489464,0.287924,0.361815,0.284862,0.228696,0.254902,0.132119,0.449773,0.168437,0.473455,0.301979,0.361703,0.212097,0.230150,0.152391,0.449414,0.050041,9.906071,1.947533,2.087147,1.071688,0.945763,0.555744
186,2245,0.002671,0.085485,0.146928,14829.116686,174,89,9870.472400,421.944801,0.914764,53.464220,0.144970,15.262824,14.545988,14.178780,188.303339,76.072547,-85.954825,755.257972,0.634460,37444461.366732,8.457795,88,173,0.227446,7957.036461,175.277784,83.148947,1.147740,0.681723,1.104207,0.524259,0.392113,0.422339,0.073172,1,2.431782,1.167976,1.047596,0.531153,2245,14829.116686,9870.472400,421.944801,188.303339,76.072547,755.257972,7957.036461,70.583632,140.766147,5.616226,0.071165,-2.737300,0.024423,0.006569,0.009207,0.009303,0.014407,0.013272,0.016132,0.019690,0.018110,0.018993,0.020372,0.024530,0.038128,0.023025,0.031415,0.030199,0.038375,0.054107,0.059347,0.037981,0.027335,0.045570,0.038487,0.037954,0.023393,0.021090,0.026675,0.020011,0.020753,0.017573,0.015205,0.014786,0.019177,0.012996,0.011283,0.013935,0.016610,0.011255,0.012435,0.008172,0.009153,0.009910,0.012612,0.014348,0.012329,0.012754,0.011470,0.012438,0.007131,0.649987,0.368533,0.406567,0.260008,0.233801,0.148434,0.117881,0.077831,0.075926,0.063577,0.049727,0.039277,0.033054,0.027340,0.026965,0.024278,0.021161,0.016542,0.015055,0.015492,0.013613,0.011704,0.010310,0.010566,0.010280,0.009579,0.009712,0.008457,0.008314,0.008516,0.007746,0.007523,0.007747,0.006940,0.006311,0.005828,0.006393,0.005950,0.006028,0.006315,0.006658,0.005865,0.005902,0.005612,0.005625,0.005298,0.005453,0.005410,0.005546,0.005750,0.123638,0.148125,0.729233,0.160782,0.561926,0.140360,0.162833,0.172173,0.116276,0.134292,0.152497,0.885928,0.183158,0.197359,0.176509,0.172393,0.158459,0.123939,0.339329,0.152549,0.805082,0.135984,0.151820,0.139254,0.142200,0.139249,0.335980,0.171649,0.229907,0.256318,0.224913,0.784488,0.197210,0.232813,0.251360,0.172329,0.251788,0.307551,0.389390,0.350831,0.335553,0.299656,0.378849,0.382025,0.274676,0.508010,0.208327,0.315935,0.243812,0.217799,0.212812,0.272247,0.301437,0.530620,0.165064,0.319091,0.299727,0.206771,0.703332,0.263142,0.270315,0.261782,0.181174,0.213245,0.328196,0.459815,0.309788,0.288337,0.354930,0.381947,0.360862,0.232802,0.476737,0.202430,0.356007,0.258154,0.204521,0.211118,0.281088,0.315781,0.522715,0.003936,2.972494,1.025898,0.953034,0.928975,0.558676,0.147530
187,555,0.819495,0.705776,0.851986,11144.799939,32,34,829.990913,105.981826,0.675094,26.582851,0.510110,2.269044,2.755690,1.800110,32.823502,24.214939,18.291057,112.876154,0.801726,5305209.302839,17.870968,32,35,0.668682,3021.352281,39.051024,31.485122,0.187021,0.003047,0.000559,0.000006,-0.000000,-0.000000,-0.000000,1,2.101922,0.664004,0.699740,-0.194332,555,11144.799939,829.990913,105.981826,32.823502,24.214939,112.876154,3021.352281,29.301873,27.583784,5.188006,0.013032,0.732746,0.040240,0.018457,0.020042,0.019732,0.021940,0.019266,0.019501,0.018075,0.017352,0.014750,0.011800,0.013404,0.015086,0.013528,0.018524,0.019195,0.022394,0.025991,0.028658,0.033118,0.032890,0.038171,0.035332,0.034826,0.032913,0.026716,0.022232,0.014632,0.012725,0.011019,0.012010,0.010865,0.010563,0.010720,0.011107,0.014481,0.017747,0.013001,0.018711,0.020910,0.028894,0.031339,0.031316,0.026570,0.024233,0.024941,0.023305,0.020894,0.016123,0.790339,1.556156,1.634966,0.807515,0.269991,0.115542,0.126238,0.097842,0.060754,0.048851,0.052314,0.040812,0.034945,0.030027,0.026411,0.025262,0.023772,0.016750,0.014625,0.017043,0.018998,0.014803,0.011670,0.010894,0.011056,0.011851,0.011809,0.008975,0.007834,0.009185,0.010057,0.009224,0.007318,0.007317,0.007719,0.006951,0.006789,0.006875,0.006561,0.006050,0.006129,0.006395,0.006771,0.006989,0.006307,0.006086,0.006865,0.007683,0.007208,0.006876,0.042548,0.047512,0.774936,0.079175,0.475685,0.058665,0.152390,0.328983,0.167229,0.045902,0.057423,0.831919,0.054436,0.112374,0.242540,0.327991,0.313825,0.148403,0.272910,0.088436,0.840174,0.063134,0.134970,0.247629,0.244941,0.052068,0.256077,0.388434,0.164288,0.079159,0.065067,0.731995,0.091936,0.180760,0.394820,0.280713,0.389739,0.152897,0.104441,0.292486,0.468630,0.390062,0.350375,0.405570,0.263165,0.417336,0.065372,0.127718,0.318019,0.492865,0.388904,0.253228,0.065974,0.491393,0.412378,0.394212,0.296391,0.082821,0.745912,0.067674,0.080830,0.052795,0.097707,0.424453,0.434955,0.549700,0.423533,0.355117,0.091836,0.075418,0.049193,0.080323,0.407882,0.089786,0.334320,0.449589,0.382811,0.124112,0.083213,0.088008,0.578835,0.043560,4.916893,1.530846,1.214472,0.793334,0.938921,0.494643
188,453,0.815556,0.851111,0.833333,7185.869596,29,25,563.319795,83.639589,0.348398,24.016193,0.624828,1.971347,1.564801,1.818925,25.766998,24.152609,-29.882823,91.669048,0.772171,5623193.052371,15.517241,29,26,0.804161,2066.348682,30.805559,25.000000,0.171707,0.000123,0.000307,0.000029,-0.000000,-0.000000,0.000000,1,1.972214,0.622808,0.667517,-0.327923,453,7185.869596,563.319795,83.639589,25.766998,24.152609,91.669048,2066.348682,58.989278,106.836645,5.977800,0.050796,-0.922555,0.021612,0.007389,0.011799,0.012608,0.015544,0.014937,0.014106,0.015843,0.018861,0.018708,0.015037,0.020692,0.025734,0.015282,0.027277,0.022471,0.032404,0.037788,0.034370,0.032053,0.032510,0.042055,0.036730,0.041698,0.027346,0.026338,0.039969,0.033441,0.036752,0.030301,0.026250,0.024777,0.025534,0.024931,0.018814,0.017936,0.017259,0.012091,0.012636,0.010144,0.009084,0.008256,0.007661,0.007337,0.007730,0.007776,0.007730,0.007829,0.006179,0.441257,1.017569,1.243066,0.877657,0.546928,0.214157,0.087776,0.082949,0.085899,0.061696,0.041375,0.030577,0.029401,0.023255,0.019661,0.017094,0.016987,0.015456,0.013930,0.012863,0.011749,0.009435,0.008219,0.008200,0.009311,0.009397,0.008648,0.007132,0.006475,0.006530,0.006191,0.005637,0.005602,0.005835,0.005593,0.004886,0.005149,0.005405,0.005241,0.004807,0.004660,0.005149,0.005199,0.004879,0.004573,0.004780,0.004991,0.004956,0.004645,0.004583,0.028569,0.034703,0.843936,0.057235,0.471824,0.038197,0.076418,0.192502,0.124501,0.022340,0.024184,0.927808,0.028997,0.070985,0.179536,0.215208,0.195563,0.124148,0.192830,0.066982,0.889638,0.035379,0.083825,0.184626,0.173880,0.040812,0.304313,0.206118,0.223651,0.092189,0.036080,0.859677,0.065877,0.087795,0.264493,0.276844,0.254087,0.303556,0.294965,0.303481,0.372464,0.420836,0.292669,0.359318,0.365492,0.509865,0.069410,0.246567,0.291898,0.346529,0.371794,0.231289,0.070290,0.521984,0.233959,0.332375,0.165732,0.061490,0.884040,0.067017,0.055144,0.045258,0.111492,0.326069,0.505709,0.595823,0.381023,0.321751,0.086859,0.057924,0.062675,0.139270,0.638345,0.096325,0.399893,0.335914,0.267036,0.088072,0.070980,0.080811,0.468877,0.053908,4.941690,0.860289,0.793773,0.922681,0.912408,0.596817
189,2238,0.910634,0.467382,0.945487,131074.575891,101,33,2418.063772,218.127543,0.931080,53.380803,0.671467,1.816423,13.899846,1.069750,89.142024,32.520397,88.940526,229.923882,0.891036,12302786.712342,67.818182,33,101,0.925534,18036.836352,101.123263,33.000000,0.251336,0.036977,0.000218,0.000036,0.000000,0.000003,-0.000000,1,2.484435,0.721692,0.670224,0.378584,2238,131074.575891,2418.063772,218.127543,89.142024,32.520397,229.923882,18036.836352,60.270509,110.742627,6.608593,0.052908,1.157621,0.012009,0.002318,0.002859,0.003211,0.003427,0.003530,0.003623,0.003758,0.004313,0.004966,0.005608,0.006924,0.010207,0.008884,0.015974,0.016354,0.019246,0.025376,0.033348,0.047392,0.061591,0.075942,0.070614,0.073658,0.061905,0.061692,0.062347,0.051301,0.059784,0.041217,0.036288,0.029861,0.021317,0.015390,0.008073,0.007096,0.006501,0.004228,0.004118,0.003069,0.002994,0.002708,0.002494,0.002420,0.002480,0.002619,0.002382,0.002455,0.002135,3.398112,3.635490,2.074922,0.888655,0.227575,0.181205,0.150844,0.087881,0.069772,0.060488,0.052797,0.042914,0.034084,0.025262,0.026702,0.021007,0.016088,0.016235,0.015528,0.011947,0.010700,0.010014,0.009934,0.009768,0.008601,0.008111,0.008945,0.008082,0.006917,0.007399,0.007442,0.006363,0.005934,0.005972,0.005635,0.005355,0.005395,0.004836,0.004991,0.005206,0.004455,0.004342,0.004640,0.004664,0.004770,0.004549,0.004135,0.004474,0.004685,0.004287,0.050415,0.118073,0.837502,0.086173,0.310547,0.047208,0.252584,0.332637,0.039591,0.039165,0.171069,0.832732,0.077444,0.049792,0.087359,0.455632,0.226484,0.027460,0.184041,0.169651,0.868686,0.088086,0.053003,0.107899,0.371317,0.087043,0.122751,0.089963,0.545163,0.357507,0.095824,0.453144,0.107524,0.368333,0.448541,0.062851,0.047823,0.442902,0.549912,0.175343,0.079610,0.149974,0.587903,0.304023,0.038880,0.236527,0.249994,0.554114,0.252890,0.110666,0.188734,0.587148,0.206529,0.274402,0.086175,0.652550,0.313637,0.074141,0.564088,0.138658,0.308212,0.160388,0.068880,0.050782,0.483975,0.632091,0.181130,0.087825,0.131643,0.506376,0.216224,0.051258,0.328409,0.137628,0.611599,0.269875,0.135503,0.140643,0.442849,0.222441,0.377599,0.042334,9.733656,12.993551,7.652318,0.588932,0.948695,0.671467
190,100668,0.619959,0.429342,0.590158,6475106.934627,477,869,305139.890435,2208.780870,0.839824,358.014634,0.242858,30.823054,60.876416,32.593489,662.025541,359.385918,0.140112,9060.135203,0.910900,544777910.070197,81.902512,478,869,0.329908,332643.433217,874.831409,476.019825,0.404882,0.015742,0.008383,0.007936,-0.000009,0.000208,0.000064,17,3.060702,0.884010,0.849444,0.535388,110093,6545095.260292,332346.111119,5174.222237,1969.845859,716.765275,12678.031052,367470.089016,80.909933,131.675574,7.073011,0.091467,-1.808282,0.010878,0.018306,0.019941,0.014041,0.012971,0.014214,0.012216,0.017739,0.017386,0.021754,0.022237,0.025952,0.025444,0.019228,0.021782,0.025791,0.023563,0.022640,0.021358,0.018906,0.021754,0.025435,0.025688,0.035125,0.026767,0.024301,0.029626,0.026670,0.029941,0.030142,0.023325,0.023734,0.024339,0.021283,0.017427,0.018864,0.020918,0.013373,0.020641,0.020032,0.018721,0.017640,0.020146,0.017724,0.015758,0.014323,0.013783,0.014387,0.012665,1.743564,0.787138,0.384169,0.269295,0.181571,0.122863,0.111297,0.079208,0.068545,0.056693,0.049741,0.041999,0.039657,0.031752,0.028545,0.025213,0.023268,0.019499,0.018255,0.016620,0.015717,0.013875,0.013830,0.012371,0.012015,0.010756,0.010392,0.009946,0.009762,0.008900,0.009122,0.008512,0.008452,0.008265,0.008012,0.007509,0.007246,0.007178,0.006990,0.007356,0.006762,0.007037,0.006651,0.006911,0.006893,0.006917,0.006641,0.006932,0.006715,0.006728,0.234202,0.284193,0.494330,0.263626,0.508172,0.275426,0.300217,0.265180,0.236587,0.227363,0.314985,0.521299,0.309338,0.241858,0.266377,0.379141,0.370491,0.266802,0.218675,0.300255,0.518927,0.307011,0.230255,0.266646,0.394234,0.393505,0.253184,0.229924,0.308337,0.371629,0.290153,0.501932,0.280613,0.355036,0.336649,0.244345,0.252571,0.371195,0.429257,0.296954,0.245962,0.294811,0.396001,0.388285,0.266433,0.241916,0.338921,0.456717,0.323214,0.255364,0.280881,0.385403,0.383709,0.271439,0.225007,0.299533,0.361854,0.301455,0.517665,0.276679,0.338602,0.347592,0.240498,0.253524,0.392613,0.394825,0.319665,0.260144,0.297137,0.383943,0.379456,0.275942,0.257781,0.364564,0.404811,0.352759,0.272407,0.294715,0.377902,0.363496,0.276279,0.001226,11.111092,1.867748,1.975029,1.057439,0.408125,0.242350
191,1978,0.909599,0.859319,0.941087,71269.909140,53,51,2191.104439,164.208879,0.552408,50.184338,0.731780,1.658209,2.291821,0.905168,55.533630,46.291397,58.661334,188.923882,0.904314,9328851.909413,37.865385,52,54,0.902741,9019.410881,56.035440,51.000000,0.165073,0.000883,0.000051,0.000003,-0.000000,-0.000000,0.000000,1,1.931586,0.627053,0.688259,-0.413802,1978,71269.909140,2191.104439,164.208879,55.533630,46.291397,188.923882,9019.410881,64.905037,100.309909,6.913426,0.060844,1.417280,0.009736,0.019677,0.026031,0.024994,0.026362,0.024394,0.023413,0.020489,0.023109,0.019399,0.014574,0.017697,0.020158,0.014559,0.025804,0.023438,0.027457,0.026686,0.026649,0.031301,0.034485,0.034659,0.028224,0.023799,0.015946,0.013257,0.016102,0.015081,0.018481,0.020598,0.022348,0.023524,0.025745,0.026203,0.021650,0.021976,0.020094,0.012379,0.014014,0.010563,0.011107,0.011270,0.013018,0.014756,0.016368,0.021332,0.021564,0.021514,0.013747,4.386777,5.157716,2.007820,0.464724,0.281477,0.158923,0.120931,0.084754,0.074134,0.060856,0.049168,0.041821,0.033806,0.029076,0.024988,0.020116,0.019460,0.013749,0.014684,0.011921,0.014216,0.010791,0.013537,0.011438,0.011074,0.009912,0.008770,0.008464,0.007416,0.007054,0.006527,0.006458,0.006410,0.006894,0.006657,0.006436,0.006889,0.006962,0.005864,0.006268,0.005043,0.005191,0.005210,0.005225,0.005597,0.005681,0.006111,0.005867,0.005909,0.005545,0.120784,0.073180,0.758164,0.105987,0.490399,0.085992,0.115327,0.308518,0.194009,0.149005,0.121622,0.788520,0.098888,0.115432,0.329061,0.280632,0.309617,0.187723,0.301451,0.135847,0.769387,0.084706,0.140479,0.349238,0.261285,0.085387,0.272540,0.368372,0.357807,0.172600,0.102987,0.703572,0.207199,0.166044,0.166417,0.320419,0.394818,0.430874,0.235715,0.308604,0.203903,0.508511,0.287465,0.203101,0.289172,0.465926,0.195553,0.177503,0.365016,0.329044,0.473898,0.245152,0.158074,0.402480,0.301270,0.473849,0.168471,0.087703,0.748511,0.195377,0.164217,0.089715,0.123170,0.313089,0.526771,0.518987,0.392287,0.129514,0.267815,0.246075,0.191624,0.124410,0.434213,0.165043,0.481072,0.459665,0.215917,0.175547,0.185604,0.209522,0.430941,0.055418,10.469825,2.531928,1.382106,0.545871,0.869180,0.701211
192,496,0.919517,0.913481,0.947686,8849.212007,28,24,518.556182,79.112364,0.460607,25.130197,0.738095,0.896131,1.218433,0.885808,26.754498,23.747405,-77.991270,82.426407,0.807755,5359175.049786,20.708333,24,29,0.956502,2286.466540,29.120426,24.000000,0.160933,0.000365,0.000021,0.000000,0.000000,0.000000,-0.000000,1,1.957341,0.614281,0.679979,-0.475110,496,8849.212007,518.556182,79.112364,26.754498,23.747405,82.426407,2286.466540,59.151728,111.157258,6.170379,0.051061,-0.948486,0.018470,0.013455,0.017147,0.017609,0.019027,0.017562,0.017699,0.017384,0.018385,0.018671,0.015754,0.018722,0.026314,0.018073,0.029352,0.025523,0.034088,0.038206,0.035476,0.033481,0.035291,0.044805,0.037289,0.039798,0.023861,0.022031,0.034308,0.030157,0.032533,0.024363,0.021680,0.020187,0.019039,0.016492,0.013005,0.012980,0.012887,0.008038,0.010589,0.009005,0.009840,0.009414,0.008307,0.010018,0.010814,0.012840,0.012904,0.014056,0.011542,0.561824,1.262134,1.493080,1.017587,0.598456,0.225921,0.093966,0.091717,0.083181,0.053243,0.039830,0.032618,0.030503,0.023637,0.022058,0.019067,0.016743,0.013715,0.012434,0.011748,0.011405,0.009687,0.008506,0.007800,0.007912,0.007478,0.006808,0.005814,0.005714,0.005990,0.005798,0.004922,0.004422,0.004738,0.005083,0.004348,0.003708,0.003997,0.004260,0.003920,0.003368,0.003575,0.003819,0.003663,0.003276,0.003610,0.004200,0.004147,0.003631,0.003792,0.028265,0.028879,0.865594,0.063150,0.426393,0.039439,0.113952,0.182520,0.124333,0.028932,0.025314,0.930176,0.033720,0.082820,0.170841,0.217922,0.184126,0.121314,0.226610,0.065269,0.912872,0.037726,0.090305,0.177099,0.158537,0.038134,0.208615,0.241220,0.247064,0.132576,0.062522,0.812118,0.053751,0.180121,0.293954,0.279294,0.279673,0.290273,0.268282,0.355245,0.332786,0.389733,0.383150,0.354067,0.323326,0.635372,0.076599,0.189157,0.351604,0.325539,0.386957,0.259869,0.075558,0.319488,0.258839,0.366570,0.199421,0.089946,0.852994,0.049053,0.074350,0.071475,0.100615,0.334370,0.492224,0.546551,0.473433,0.289429,0.087901,0.098979,0.078129,0.125110,0.622924,0.099614,0.322341,0.440301,0.251274,0.113215,0.098097,0.079335,0.460864,0.073004,6.017489,1.375505,1.359659,0.988480,0.959794,0.714080
193,491,0.953157,0.938900,0.957230,8482.300165,25,24,508.593375,78.186750,0.332404,25.003212,0.818333,1.089140,0.764983,0.452055,25.838567,24.369307,86.085977,81.355339,0.821958,4628585.940179,20.458333,24,25,0.965408,2119.720382,27.784610,24.000000,0.160250,0.000088,0.000017,0.000000,0.000000,-0.000000,-0.000000,1,1.940045,0.609569,0.679913,-0.466923,491,8482.300165,508.593375,78.186750,25.838567,24.369307,81.355339,2119.720382,54.715144,102.350305,5.875114,0.044014,-0.954071,0.022785,0.022210,0.025410,0.021901,0.021121,0.016928,0.014860,0.014790,0.015598,0.016747,0.015039,0.019900,0.024214,0.013990,0.022967,0.020351,0.028949,0.031921,0.031212,0.029319,0.032134,0.038789,0.035705,0.036419,0.023575,0.019441,0.025308,0.022516,0.022798,0.017879,0.015015,0.016083,0.016829,0.017150,0.015849,0.017237,0.019115,0.012792,0.016585,0.014513,0.017564,0.017530,0.016212,0.016787,0.016281,0.018021,0.017907,0.019679,0.016858,0.666404,1.425667,1.692898,1.155543,0.566108,0.145849,0.129497,0.120288,0.081660,0.044449,0.045907,0.044351,0.034372,0.021369,0.023219,0.023441,0.018678,0.013943,0.014951,0.015070,0.012434,0.009764,0.009993,0.010235,0.008885,0.007721,0.008360,0.007807,0.006939,0.006368,0.006571,0.006615,0.006208,0.005509,0.005154,0.005099,0.005186,0.004860,0.004666,0.004650,0.004406,0.004300,0.004318,0.004482,0.004327,0.004218,0.004210,0.004153,0.004016,0.004121,0.033903,0.045738,0.799813,0.070827,0.547720,0.046037,0.104130,0.176899,0.088240,0.040216,0.043575,0.931381,0.038501,0.065789,0.162907,0.226184,0.188685,0.099495,0.261417,0.084547,0.872646,0.040721,0.067625,0.160097,0.161121,0.047723,0.320779,0.203975,0.176612,0.112836,0.047601,0.862351,0.062686,0.146951,0.306345,0.221765,0.272628,0.222553,0.274178,0.256925,0.361504,0.366818,0.437334,0.430397,0.305305,0.505616,0.060605,0.194375,0.234232,0.340662,0.333951,0.284950,0.088049,0.575765,0.225897,0.280370,0.178726,0.067074,0.892977,0.059947,0.050625,0.095850,0.145484,0.321384,0.422405,0.608345,0.357844,0.366626,0.139303,0.068314,0.132601,0.209939,0.610278,0.088269,0.370953,0.279430,0.301361,0.164676,0.099063,0.081215,0.519357,0.074184,6.035252,1.692235,0.702374,0.415057,0.961052,0.818333
194,2471,0.764777,0.756680,0.800405,98865.266310,68,63,3159.939855,200.879711,0.617065,56.090774,0.576797,3.019244,3.597768,2.924568,66.696960,52.484652,-49.932540,282.906638,0.874841,14462412.389571,40.491803,61,67,0.781977,13643.261359,68.621207,60.946884,0.182118,0.001834,0.000055,0.000001,0.000000,0.000000,0.000000,1,1.994919,0.630999,0.677708,-0.300011,2471,98865.266310,3159.939855,200.879711,66.696960,52.484652,282.906638,13643.261359,60.811262,94.132335,6.698146,0.053810,1.404694,0.011406,0.011244,0.016405,0.017243,0.019393,0.015295,0.013730,0.016182,0.017671,0.018070,0.014289,0.019643,0.023877,0.020376,0.023002,0.016202,0.013893,0.018399,0.025111,0.027272,0.029279,0.032275,0.031712,0.036736,0.029314,0.026949,0.036995,0.035514,0.035021,0.030257,0.026457,0.023985,0.024313,0.021135,0.015907,0.017928,0.025402,0.018301,0.025611,0.024927,0.021482,0.014642,0.009724,0.008497,0.008880,0.011346,0.011195,0.010510,0.008407,4.019661,3.486476,1.094035,0.318852,0.252448,0.154323,0.147317,0.104679,0.077733,0.051777,0.041125,0.031568,0.034342,0.032802,0.025950,0.023837,0.018280,0.016407,0.014066,0.013380,0.013459,0.011542,0.009683,0.010603,0.009198,0.008785,0.008976,0.006773,0.006298,0.006723,0.006253,0.006422,0.006163,0.005762,0.005810,0.004949,0.005007,0.005168,0.005125,0.004531,0.004594,0.005051,0.004975,0.004984,0.004807,0.004960,0.004400,0.004647,0.004112,0.004075,0.065764,0.086657,0.748773,0.115588,0.530644,0.070406,0.142935,0.298247,0.134986,0.069126,0.154106,0.815369,0.136209,0.104154,0.185456,0.307464,0.358305,0.141185,0.316073,0.163287,0.773722,0.120184,0.154478,0.219788,0.263820,0.136821,0.315994,0.254643,0.195091,0.152611,0.099843,0.737213,0.124250,0.288363,0.385954,0.269818,0.261840,0.259312,0.300144,0.317877,0.254492,0.313782,0.440303,0.469814,0.308621,0.462139,0.179667,0.249859,0.377411,0.365645,0.335287,0.269639,0.181683,0.444354,0.264173,0.373876,0.248665,0.095970,0.786299,0.135411,0.211080,0.121362,0.153289,0.296508,0.422734,0.537469,0.410701,0.231916,0.188936,0.308523,0.219363,0.207464,0.484229,0.125529,0.369826,0.456112,0.267555,0.156927,0.178626,0.191875,0.489917,0.030874,8.734330,1.230188,1.191612,0.968643,0.710057,0.604355
195,1246,0.722892,0.657028,0.875502,19232.356741,67,47,2087.375891,171.751782,0.651924,39.830346,0.395681,5.183339,4.827289,1.993348,50.744280,38.478610,79.594843,217.338095,0.821835,10595093.144082,19.675847,46,67,0.596922,4179.594408,68.446653,45.795393,0.203267,0.003009,0.000161,0.000352,-0.000000,-0.000006,-0.000000,1,2.248791,0.696674,0.704101,-0.016964,1246,19232.356741,2087.375891,171.751782,50.744280,38.478610,217.338095,4179.594408,72.071720,90.548154,6.678439,0.073973,3.615508,0.012742,0.011042,0.014819,0.011227,0.013562,0.011209,0.012114,0.017155,0.020726,0.019234,0.017295,0.020370,0.021801,0.015830,0.019615,0.015076,0.017597,0.018382,0.019060,0.023616,0.029493,0.037937,0.042423,0.054602,0.047957,0.041386,0.050720,0.045878,0.043001,0.028222,0.019927,0.016780,0.014672,0.012069,0.009519,0.009943,0.010387,0.007839,0.011053,0.012392,0.018718,0.019411,0.017028,0.017990,0.015967,0.014187,0.011582,0.010638,0.008549,1.607539,2.293823,1.369123,0.456872,0.231328,0.150234,0.108375,0.075646,0.072625,0.046981,0.044406,0.028465,0.035540,0.031884,0.025940,0.024547,0.022857,0.021452,0.016192,0.016538,0.014344,0.013781,0.014245,0.014722,0.013048,0.010388,0.010719,0.009911,0.009862,0.008582,0.009619,0.010183,0.008438,0.008073,0.008195,0.007973,0.007251,0.007496,0.007643,0.007309,0.007070,0.006778,0.007233,0.007552,0.007429,0.006736,0.006661,0.006961,0.007407,0.007552,0.065212,0.067428,0.782824,0.070255,0.482428,0.086221,0.195934,0.227898,0.207249,0.069243,0.059349,0.832197,0.059358,0.100359,0.296193,0.311684,0.235520,0.212574,0.254194,0.087008,0.837567,0.067402,0.110764,0.288010,0.203084,0.068438,0.283914,0.390137,0.184051,0.162351,0.107665,0.720340,0.129294,0.226236,0.277344,0.335048,0.407378,0.170707,0.211039,0.352128,0.329799,0.462888,0.323957,0.302737,0.341670,0.369806,0.115867,0.180163,0.369020,0.378323,0.475269,0.246005,0.134443,0.483300,0.373747,0.405842,0.309752,0.131512,0.716427,0.110684,0.154149,0.158023,0.090061,0.375517,0.397531,0.560802,0.467592,0.259395,0.145784,0.177611,0.197067,0.094302,0.437700,0.105764,0.403099,0.497995,0.312561,0.139820,0.147583,0.149497,0.474730,0.026378,5.733003,2.421699,0.931309,0.384568,0.790252,0.403958
196,743,0.772237,0.440701,0.835580,8170.771068,44,31,1051.845260,117.690520,0.867000,30.757389,0.544721,2.885676,4.498926,1.721966,47.248320,23.544198,-77.103959,146.089358,0.794659,7631123.562303,14.032932,31,43,0.706378,2446.535323,44.553328,31.000000,0.234100,0.019872,0.001135,0.000179,-0.000000,0.000002,0.000000,1,2.135084,0.688095,0.683536,0.018267,743,8170.771068,1051.845260,117.690520,47.248320,23.544198,146.089358,2446.535323,70.247647,96.983849,6.562190,0.070537,0.556154,0.016214,0.010777,0.013991,0.014740,0.015241,0.014499,0.015630,0.016663,0.017506,0.016690,0.015993,0.017083,0.019045,0.014444,0.022011,0.025115,0.032940,0.037947,0.041200,0.040671,0.045784,0.060207,0.053012,0.051214,0.034169,0.019222,0.018460,0.015414,0.015088,0.012428,0.013336,0.013653,0.017411,0.018814,0.015533,0.017948,0.020230,0.013708,0.016686,0.013083,0.014442,0.014960,0.013550,0.014408,0.014289,0.013404,0.009868,0.009713,0.007779,0.839060,1.367546,1.201269,0.749806,0.385692,0.174644,0.100578,0.072901,0.069956,0.066230,0.055377,0.039203,0.031080,0.023532,0.017821,0.016441,0.017931,0.014891,0.013695,0.014953,0.013877,0.010423,0.009836,0.010519,0.011465,0.011117,0.009449,0.008411,0.008952,0.009832,0.008666,0.006941,0.006295,0.006027,0.006152,0.005468,0.005957,0.007022,0.007497,0.007267,0.006157,0.006065,0.006306,0.005943,0.005155,0.005317,0.006079,0.006352,0.006247,0.006674,0.047424,0.041671,0.785177,0.065104,0.468675,0.049887,0.130725,0.350725,0.114141,0.043622,0.035435,0.828109,0.040594,0.158864,0.168627,0.276700,0.410185,0.104595,0.245791,0.075520,0.855826,0.048537,0.171366,0.190617,0.214431,0.126695,0.267122,0.151053,0.301102,0.314992,0.041862,0.671599,0.052629,0.174794,0.499010,0.228401,0.122172,0.276585,0.516562,0.226066,0.328820,0.218898,0.308143,0.544566,0.207573,0.433404,0.090689,0.347706,0.315698,0.439906,0.307167,0.263561,0.163261,0.446522,0.172855,0.395886,0.423271,0.080047,0.765774,0.079158,0.076223,0.091277,0.144949,0.169956,0.417845,0.781167,0.322616,0.211487,0.079316,0.070457,0.081377,0.140040,0.468817,0.141173,0.513555,0.393289,0.280701,0.117066,0.094197,0.086808,0.482655,0.034814,5.085928,2.612668,1.559054,0.596729,0.805606,0.556639
197,435,0.798627,0.835240,0.915332,6725.626273,27,24,518.660890,79.321780,0.301977,23.534213,0.671296,1.593847,1.309303,0.778902,25.322676,24.140488,11.132785,93.597980,0.775073,5010281.047496,16.807692,26,25,0.838698,1954.102044,28.017720,24.000000,0.175458,0.000070,0.000354,0.000048,-0.000000,-0.000000,0.000000,1,1.953702,0.619453,0.665094,-0.322001,435,6725.626273,518.660890,79.321780,25.322676,24.140488,93.597980,1954.102044,60.602748,103.445977,5.973324,0.053462,-0.588649,0.023226,0.011197,0.016777,0.016715,0.018157,0.015989,0.016714,0.019106,0.021814,0.021949,0.020809,0.028584,0.033789,0.022262,0.032154,0.027294,0.032651,0.033350,0.032350,0.032808,0.035349,0.040606,0.037777,0.039966,0.028071,0.027622,0.035273,0.031424,0.031231,0.025001,0.020929,0.017226,0.015017,0.012180,0.009157,0.009856,0.009936,0.007820,0.008639,0.008330,0.009436,0.008801,0.008825,0.009645,0.010666,0.011940,0.012210,0.012504,0.010094,0.495795,1.073337,1.292995,0.906771,0.459867,0.123392,0.112058,0.117379,0.092232,0.060974,0.047350,0.036963,0.035404,0.029085,0.024781,0.020018,0.018191,0.015673,0.015063,0.014270,0.014323,0.012720,0.011341,0.010052,0.010223,0.009909,0.008899,0.007384,0.007580,0.008052,0.007453,0.006541,0.006691,0.007238,0.006700,0.005473,0.005681,0.006027,0.005648,0.005235,0.005326,0.005738,0.005288,0.004814,0.004776,0.005296,0.005302,0.004717,0.003975,0.003988,0.031098,0.040515,0.830605,0.066641,0.510510,0.042506,0.073838,0.168361,0.082577,0.039673,0.041764,0.930959,0.039675,0.065256,0.154957,0.237604,0.194678,0.076124,0.260000,0.069924,0.884793,0.047318,0.069282,0.152382,0.214385,0.065382,0.253289,0.231437,0.161203,0.072042,0.055955,0.878737,0.062241,0.102319,0.275205,0.223307,0.294767,0.240135,0.234573,0.326808,0.312031,0.345963,0.481695,0.418964,0.262680,0.395761,0.121161,0.215610,0.310615,0.295714,0.329117,0.410879,0.135492,0.550250,0.242523,0.241575,0.137424,0.082888,0.903763,0.049244,0.070343,0.085315,0.160082,0.349339,0.446475,0.559038,0.400875,0.336869,0.135739,0.113937,0.120367,0.214516,0.471092,0.173958,0.411867,0.364181,0.296666,0.147104,0.099745,0.108099,0.560588,0.049654,4.647536,1.680960,0.821473,0.488693,0.847473,0.672308
198,2119,0.913167,0.641340,0.930156,47143.270798,96,46,2619.848269,218.696539,0.843628,51.942224,0.479846,2.916722,10.276293,1.859011,72.014339,38.666515,69.492391,217.066017,0.896409,10513181.067610,28.343357,41,99,0.808825,6857.124484,99.723331,41.408965,0.196968,0.011840,0.000081,0.000010,0.000000,0.000000,0.000000,1,2.449817,0.719801,0.716222,0.200593,2119,47143.270798,2619.848269,218.696539,72.014339,38.666515,217.066017,6857.124484,71.599117,91.595092,7.019483,0.073077,3.770277,0.009762,0.004976,0.005830,0.004520,0.004634,0.003428,0.003456,0.004397,0.005570,0.005965,0.005934,0.008092,0.012239,0.010359,0.013931,0.014176,0.017019,0.016907,0.015003,0.018529,0.021541,0.028674,0.038263,0.053783,0.040973,0.043417,0.052086,0.045085,0.049066,0.040962,0.044643,0.048131,0.045890,0.041129,0.028731,0.032968,0.035282,0.016521,0.015018,0.010854,0.011940,0.012294,0.011032,0.012080,0.012973,0.012933,0.009306,0.006012,0.003447,4.138027,4.448143,1.900106,0.351468,0.294038,0.167978,0.110219,0.093987,0.072266,0.050638,0.045027,0.036870,0.032739,0.025106,0.025430,0.022463,0.018681,0.017881,0.015298,0.013681,0.013236,0.012376,0.012212,0.010417,0.011238,0.009545,0.009354,0.009148,0.008169,0.008289,0.008433,0.006943,0.007386,0.007153,0.006797,0.007198,0.006831,0.007043,0.006774,0.006517,0.006633,0.006232,0.006182,0.006238,0.006277,0.006287,0.006076,0.006093,0.005958,0.006171,0.203493,0.106826,0.758012,0.125628,0.430967,0.105080,0.321505,0.229004,0.065043,0.200785,0.128603,0.746317,0.092946,0.090616,0.232415,0.496606,0.249798,0.079206,0.251919,0.153638,0.795037,0.069953,0.101313,0.255002,0.320257,0.112862,0.292165,0.375014,0.489613,0.136115,0.125963,0.616694,0.182552,0.315423,0.252303,0.091993,0.333112,0.488561,0.223723,0.257376,0.161173,0.375900,0.529537,0.274441,0.105086,0.368192,0.216113,0.263591,0.318507,0.204011,0.450020,0.457748,0.163023,0.408109,0.172788,0.595836,0.150214,0.098920,0.707488,0.171913,0.191437,0.101489,0.075704,0.149676,0.698053,0.492953,0.291386,0.117465,0.194726,0.280990,0.162427,0.073185,0.459430,0.311794,0.528231,0.356880,0.136781,0.211643,0.265615,0.197174,0.335239,0.044973,9.762007,5.527829,3.523233,0.637363,1.007512,0.522050
199,1268,0.947161,0.924290,0.960568,35833.267606,45,39,1333.303917,129.607834,0.444537,40.180440,0.722507,0.908314,1.451086,0.826728,42.599969,38.159373,-84.548581,136.710678,0.888628,7243070.228091,32.512821,39,47,0.951021,5891.217732,48.466192,39.000000,0.161096,0.000312,0.000031,0.000000,0.000000,-0.000000,0.000000,1,1.940558,0.627767,0.697301,-0.456720,1268,35833.267606,1333.303917,129.607834,42.599969,38.159373,136.710678,5891.217732,71.999183,112.129338,7.117666,0.073835,1.353909,0.009053,0.013528,0.020111,0.022229,0.024944,0.022276,0.022131,0.022646,0.026100,0.025773,0.022676,0.026911,0.030043,0.023654,0.034983,0.028119,0.030175,0.027895,0.023182,0.022781,0.024261,0.026335,0.024936,0.026751,0.022792,0.021372,0.027568,0.026729,0.031692,0.029496,0.030780,0.031528,0.033485,0.029359,0.018431,0.012233,0.009299,0.005552,0.007243,0.005413,0.006472,0.006176,0.006308,0.007687,0.009294,0.011022,0.010962,0.013792,0.012873,2.479598,3.992305,2.500587,0.886768,0.325873,0.177934,0.118644,0.102358,0.078386,0.054035,0.044098,0.032803,0.035976,0.028063,0.023290,0.019967,0.017610,0.016260,0.016239,0.013400,0.012165,0.011214,0.010483,0.010798,0.009749,0.008195,0.008400,0.007761,0.007934,0.007171,0.006288,0.006083,0.005811,0.006318,0.005780,0.004677,0.005274,0.005344,0.004883,0.004737,0.004158,0.004515,0.004626,0.004382,0.004528,0.004192,0.004062,0.004413,0.004311,0.004073,0.082303,0.053482,0.799868,0.118404,0.470817,0.050906,0.074487,0.271299,0.182058,0.092646,0.087413,0.827395,0.095468,0.119101,0.294788,0.281953,0.277452,0.180321,0.291839,0.119605,0.815501,0.052903,0.106490,0.329017,0.282191,0.063055,0.171701,0.183048,0.181440,0.171036,0.135091,0.715050,0.089636,0.094227,0.381006,0.461186,0.187857,0.216261,0.351102,0.308019,0.333036,0.412348,0.291553,0.379555,0.435640,0.409039,0.154828,0.322216,0.279463,0.324802,0.502693,0.345945,0.105096,0.371310,0.140845,0.411903,0.239521,0.106324,0.775279,0.123494,0.141918,0.157740,0.283710,0.132407,0.404659,0.659594,0.385440,0.244823,0.092688,0.229232,0.196848,0.274341,0.372648,0.121014,0.589735,0.398674,0.243716,0.080978,0.203461,0.136170,0.462455,0.067844,9.275062,1.755216,1.597559,0.910178,0.948045,0.691762
200,496,0.947581,0.943548,0.955645,8625.635330,27,24,512.661812,78.323623,0.358078,25.130197,0.765432,1.248042,0.618215,1.025455,26.067132,24.338659,-88.958967,81.012193,0.810028,5261785.998451,20.666667,24,27,0.967499,2130.590053,27.312740,24.000000,0.159942,0.000120,0.000020,0.000000,-0.000000,-0.000000,-0.000000,1,1.924531,0.610047,0.677646,-0.470274,496,8625.635330,512.661812,78.323623,26.067132,24.338659,81.012193,2130.590053,58.723470,110.959677,5.994567,0.050362,-1.068157,0.021673,0.010690,0.013173,0.013769,0.016359,0.015711,0.016271,0.016770,0.017203,0.016477,0.013847,0.017096,0.024602,0.017641,0.029165,0.026099,0.034190,0.037800,0.035212,0.033755,0.035814,0.046382,0.038707,0.039140,0.023559,0.020987,0.030860,0.026191,0.027192,0.018708,0.017569,0.018512,0.020219,0.020000,0.018034,0.019442,0.020396,0.013413,0.016227,0.015318,0.016206,0.013767,0.011249,0.011877,0.011834,0.012843,0.011253,0.010503,0.007970,0.571299,1.294723,1.541871,1.049777,0.606098,0.223579,0.096425,0.095626,0.081471,0.049125,0.040564,0.035473,0.029941,0.020317,0.021360,0.021375,0.017660,0.012222,0.011341,0.012395,0.012048,0.009370,0.008274,0.007839,0.007665,0.007262,0.007199,0.006577,0.005948,0.005474,0.005469,0.005193,0.004941,0.004860,0.004724,0.004065,0.004108,0.004447,0.004383,0.003967,0.003488,0.003563,0.003757,0.003840,0.003744,0.003565,0.003399,0.003369,0.003468,0.003741,0.042644,0.025674,0.854159,0.064431,0.436341,0.028231,0.112368,0.206485,0.131634,0.042488,0.029631,0.921831,0.029336,0.096547,0.196862,0.201339,0.203466,0.129112,0.245198,0.068263,0.897657,0.044570,0.101368,0.197613,0.130921,0.041560,0.243405,0.266938,0.291253,0.157303,0.069948,0.818464,0.041811,0.122488,0.265489,0.239074,0.322800,0.352761,0.415013,0.317812,0.323704,0.407606,0.204731,0.320402,0.287428,0.429215,0.076209,0.283074,0.319560,0.326522,0.393733,0.137033,0.077701,0.584170,0.254664,0.354584,0.247752,0.091763,0.849284,0.066759,0.080481,0.060970,0.060637,0.326088,0.505606,0.645690,0.377357,0.207765,0.123416,0.096904,0.072728,0.075047,0.533051,0.122697,0.394555,0.332312,0.223870,0.124502,0.089287,0.090454,0.594070,0.075575,6.122535,0.602869,0.495348,0.821651,0.966813,0.765432
201,4629,0.779797,0.818300,0.791045,232382.561388,98,99,6686.086034,297.172067,0.244684,76.771257,0.477118,3.980451,3.404610,3.740246,82.483657,79.976384,-69.780832,468.067063,0.889907,23225749.143765,47.173469,98,98,0.692333,33214.661405,99.247136,89.076454,0.178183,0.000030,0.000539,0.000003,0.000000,0.000000,0.000000,1,1.983586,0.669784,0.722545,-0.348102,4629,232382.561388,6686.086034,297.172067,82.483657,79.976384,468.067063,33214.661405,61.782784,80.501620,6.803719,0.055447,3.708382,0.011025,0.011947,0.014090,0.014932,0.017396,0.012217,0.011694,0.014664,0.025005,0.024782,0.016674,0.020763,0.025399,0.016447,0.021016,0.019053,0.021055,0.020281,0.018547,0.017831,0.022584,0.028486,0.036861,0.043519,0.032337,0.037398,0.038014,0.025467,0.019664,0.018970,0.019997,0.021504,0.023436,0.024092,0.021022,0.023913,0.023935,0.015137,0.019546,0.018801,0.016681,0.013370,0.015024,0.017399,0.015936,0.019587,0.017978,0.015153,0.010394,7.091261,2.780991,0.529252,0.211661,0.185152,0.128947,0.116904,0.110841,0.086604,0.076412,0.046101,0.035425,0.031220,0.024422,0.025933,0.024827,0.022792,0.017270,0.014241,0.014271,0.013296,0.012581,0.012573,0.010291,0.010678,0.009254,0.009585,0.009147,0.008273,0.007766,0.007164,0.007234,0.007501,0.007560,0.006964,0.006520,0.006454,0.005958,0.005569,0.005456,0.005264,0.005188,0.005102,0.004685,0.004761,0.004938,0.005556,0.005711,0.005691,0.005548,0.110603,0.124526,0.696048,0.122429,0.494225,0.084978,0.173679,0.391609,0.194386,0.080643,0.151174,0.752773,0.113541,0.097696,0.175387,0.428594,0.380126,0.150303,0.266170,0.149493,0.752053,0.105343,0.196149,0.260618,0.386561,0.129958,0.239603,0.352740,0.286318,0.191782,0.134700,0.685997,0.178689,0.202601,0.325549,0.298530,0.314298,0.341471,0.450156,0.242336,0.265457,0.267764,0.435980,0.356552,0.252733,0.396874,0.204426,0.388543,0.306803,0.404281,0.313316,0.355177,0.176107,0.369908,0.364046,0.422226,0.195454,0.126838,0.730234,0.175697,0.150822,0.146843,0.162741,0.399009,0.525556,0.425497,0.349459,0.318549,0.219279,0.246057,0.174873,0.143980,0.442849,0.221956,0.369213,0.447025,0.334689,0.186226,0.215299,0.164684,0.445307,0.021129,9.889608,0.910264,0.855333,0.939654,0.634892,0.481362
202,476,0.901053,0.922105,0.947368,8160.548717,26,23,500.848246,77.696491,0.419038,24.618327,0.795987,0.768248,1.081377,0.765058,25.929457,23.543139,-77.858300,81.941125,0.803649,5258261.423637,19.791667,24,27,0.950388,2169.380610,28.017720,23.000000,0.160719,0.000239,0.000001,0.000000,-0.000000,-0.000000,0.000000,1,1.964431,0.616413,0.689945,-0.485856,476,8160.548717,500.848246,77.696491,25.929457,23.543139,81.941125,2169.380610,55.706843,107.636555,5.986882,0.045550,-1.046903,0.021856,0.012239,0.015554,0.016336,0.019527,0.018709,0.018312,0.019559,0.021333,0.021391,0.016537,0.019100,0.025203,0.016060,0.026413,0.022072,0.029762,0.034671,0.032174,0.032769,0.035118,0.045490,0.039915,0.044237,0.028805,0.025179,0.037163,0.031607,0.031880,0.023790,0.020586,0.019025,0.017804,0.013779,0.009785,0.009790,0.010628,0.006844,0.009202,0.009128,0.011285,0.011606,0.010970,0.011976,0.012957,0.014527,0.013801,0.014328,0.011073,0.531770,1.202848,1.446235,1.009400,0.602288,0.223924,0.089766,0.092280,0.085652,0.052254,0.035492,0.031343,0.032901,0.025947,0.021394,0.018586,0.018406,0.015077,0.013008,0.012320,0.011603,0.009242,0.007820,0.007836,0.008280,0.007350,0.006245,0.005603,0.006000,0.006139,0.005714,0.005205,0.004963,0.004907,0.004933,0.004887,0.004945,0.004560,0.004061,0.004095,0.004297,0.004289,0.003957,0.003879,0.003800,0.003782,0.003695,0.003704,0.003446,0.003253,0.033106,0.034985,0.866914,0.066574,0.434107,0.045660,0.115815,0.177309,0.079501,0.033044,0.035213,0.945108,0.043554,0.051145,0.152801,0.194292,0.178833,0.082732,0.218006,0.074084,0.919520,0.039902,0.055726,0.162475,0.115024,0.046762,0.234419,0.186140,0.190029,0.131633,0.057227,0.812348,0.068452,0.216261,0.345573,0.279016,0.221602,0.225967,0.218115,0.263562,0.334713,0.417310,0.424158,0.436539,0.355148,0.508140,0.073945,0.124057,0.277101,0.346117,0.399165,0.223046,0.085773,0.554896,0.201991,0.380663,0.245998,0.075345,0.831144,0.072275,0.075316,0.089308,0.196028,0.259442,0.494211,0.533425,0.418720,0.333441,0.169998,0.075553,0.112544,0.264791,0.502416,0.086103,0.274881,0.438354,0.350627,0.167163,0.080642,0.082489,0.555207,0.070893,5.809049,1.413458,1.407589,0.995848,0.948199,0.733025
203,518,0.928571,0.944015,0.940154,9012.051226,28,25,547.889182,81.778365,0.227036,25.681474,0.740000,1.232609,0.712224,0.902906,26.166296,25.483000,84.450322,86.769553,0.825660,4692564.375293,20.720000,25,28,0.945447,2308.750584,29.068732,25.000000,0.160652,0.000018,0.000056,0.000000,0.000000,0.000000,-0.000000,1,1.906183,0.606723,0.666521,-0.443835,518,9012.051226,547.889182,81.778365,26.166296,25.483000,86.769553,2308.750584,56.320702,105.200772,6.027734,0.046513,-0.934955,0.020595,0.012527,0.018789,0.019135,0.023372,0.024562,0.027602,0.029562,0.028496,0.025423,0.021102,0.024142,0.027518,0.015086,0.021818,0.016758,0.021354,0.022845,0.021414,0.020686,0.025009,0.033503,0.031322,0.031569,0.023953,0.024395,0.030998,0.029578,0.032429,0.027644,0.022530,0.021827,0.020492,0.020162,0.014907,0.015487,0.015970,0.010543,0.013842,0.013467,0.015394,0.014981,0.013449,0.013096,0.012546,0.013485,0.012305,0.012765,0.010163,0.724619,1.542818,1.795277,1.188425,0.557999,0.131987,0.135338,0.130329,0.078912,0.036935,0.047789,0.049435,0.033888,0.019610,0.023754,0.024768,0.018441,0.012300,0.014112,0.015911,0.012801,0.008705,0.009756,0.011873,0.009978,0.006789,0.007041,0.008342,0.007608,0.005863,0.006066,0.006607,0.005963,0.004936,0.005075,0.005832,0.006338,0.006002,0.005516,0.005698,0.005561,0.005123,0.004892,0.005234,0.004896,0.004056,0.003776,0.004508,0.004651,0.004041,0.042717,0.035787,0.802547,0.069617,0.535559,0.052742,0.092092,0.184515,0.125826,0.036740,0.036821,0.915796,0.028752,0.093319,0.191343,0.242410,0.193348,0.127735,0.302896,0.081573,0.868487,0.034181,0.110051,0.185516,0.194723,0.048824,0.243581,0.220843,0.271326,0.100328,0.051466,0.856491,0.052394,0.114002,0.269547,0.207167,0.273535,0.383203,0.328466,0.311050,0.358385,0.328748,0.382867,0.349173,0.262035,0.554664,0.084448,0.254842,0.275620,0.349631,0.301807,0.276703,0.075444,0.498714,0.230066,0.303855,0.148177,0.073354,0.899776,0.055371,0.066228,0.060304,0.081950,0.342336,0.534133,0.539509,0.411468,0.310185,0.094307,0.084033,0.090722,0.129326,0.544806,0.100918,0.349392,0.303764,0.260511,0.089675,0.074094,0.080433,0.625127,0.068801,5.969836,0.788813,0.577818,0.732516,0.942478,0.740000
204,1411,0.766003,0.748222,0.847084,44177.992193,58,48,1950.708158,164.416315,0.662221,42.385623,0.506825,3.329077,3.260174,2.467542,51.695309,38.735724,-34.779076,210.273124,0.852582,9897402.699779,28.693878,49,58,0.723327,7986.361276,61.846501,45.351545,0.184705,0.002691,0.000834,0.000023,-0.000000,-0.000001,-0.000000,1,2.052793,0.662475,0.703844,-0.188446,1411,44177.992193,1950.708158,164.416315,51.695309,38.735724,210.273124,7986.361276,63.968982,85.854713,6.754510,0.059204,2.640031,0.011584,0.007677,0.010938,0.009527,0.008889,0.006580,0.007380,0.011394,0.014620,0.017616,0.018922,0.027221,0.037339,0.026144,0.039412,0.038750,0.043201,0.038841,0.035394,0.037514,0.037429,0.047396,0.045864,0.050568,0.038644,0.030895,0.030584,0.023545,0.026241,0.027843,0.021074,0.017111,0.014012,0.013915,0.010065,0.008809,0.010340,0.008396,0.010161,0.008927,0.009905,0.010268,0.008802,0.009427,0.009979,0.009921,0.008166,0.008113,0.006241,2.271388,3.196079,1.656675,0.552491,0.223691,0.111190,0.102458,0.089428,0.079219,0.059316,0.054228,0.051086,0.041474,0.034056,0.031243,0.020376,0.019704,0.018576,0.015718,0.014001,0.016158,0.015686,0.015765,0.014100,0.011748,0.009921,0.010061,0.008521,0.008405,0.008854,0.008496,0.007401,0.008133,0.008701,0.007851,0.006656,0.006998,0.006990,0.006405,0.005806,0.006072,0.006159,0.005814,0.006321,0.005596,0.005387,0.005755,0.005691,0.005896,0.005918,0.103072,0.068357,0.799570,0.075132,0.468079,0.057648,0.124949,0.282986,0.147071,0.096155,0.073220,0.834168,0.093991,0.136507,0.195628,0.294397,0.344345,0.136290,0.238250,0.090611,0.846509,0.111793,0.161630,0.208891,0.266400,0.145467,0.209906,0.283085,0.099904,0.112789,0.113226,0.741392,0.091523,0.161831,0.295656,0.461192,0.280701,0.171789,0.304738,0.424374,0.329750,0.346553,0.296945,0.297844,0.461534,0.448795,0.172894,0.310838,0.420365,0.381084,0.355763,0.268563,0.101765,0.375615,0.227294,0.336505,0.349419,0.130234,0.749479,0.092103,0.145936,0.129422,0.296304,0.225186,0.391573,0.595933,0.476396,0.176892,0.172033,0.195624,0.152301,0.302524,0.452216,0.178031,0.401996,0.496655,0.234159,0.197379,0.169958,0.119534,0.467519,0.031912,6.710320,1.321223,0.979303,0.741209,0.781918,0.494722
205,1582,0.834915,0.654016,0.829855,27767.570227,61,50,2109.103811,169.207622,0.792546,44.880563,0.518689,2.733527,6.052522,2.517476,59.742375,36.431663,-54.223871,229.758405,0.857870,10824410.429730,22.368646,41,66,0.750082,5255.347982,67.540705,40.818064,0.193320,0.007835,0.000121,0.000023,0.000000,-0.000000,-0.000000,1,2.188593,0.669051,0.691081,-0.018146,1582,27767.570227,2109.103811,169.207622,59.742375,36.431663,229.758405,5255.347982,71.607140,128.911504,6.882112,0.073092,-1.709559,0.010398,0.011846,0.017424,0.017370,0.022441,0.022909,0.024167,0.026163,0.026141,0.023043,0.018267,0.021557,0.028125,0.024505,0.048867,0.042266,0.043137,0.036890,0.028226,0.024008,0.023307,0.026702,0.021416,0.021802,0.018590,0.017235,0.023175,0.024958,0.028572,0.025454,0.021170,0.017629,0.020980,0.022318,0.020652,0.016562,0.015438,0.010569,0.011398,0.009568,0.010242,0.010063,0.010209,0.008776,0.009648,0.011555,0.011305,0.012284,0.011074,2.477975,3.009205,1.662019,0.427094,0.168029,0.149196,0.114194,0.064159,0.057892,0.055423,0.050038,0.039640,0.037659,0.030055,0.025423,0.020077,0.023307,0.020859,0.016176,0.015287,0.013986,0.013673,0.011772,0.011260,0.013302,0.010750,0.010689,0.010433,0.009922,0.009045,0.009122,0.009574,0.009011,0.007607,0.007863,0.007282,0.006586,0.007780,0.007735,0.006978,0.006745,0.007155,0.006904,0.007069,0.007230,0.007089,0.006573,0.007060,0.007201,0.007468,0.061927,0.056577,0.779487,0.084838,0.504352,0.064759,0.085401,0.307014,0.134348,0.045103,0.072260,0.868734,0.106263,0.045640,0.120269,0.225916,0.384933,0.104849,0.195888,0.105330,0.874930,0.127113,0.103429,0.147681,0.227742,0.204647,0.206443,0.160787,0.238312,0.222577,0.108242,0.709386,0.158781,0.166673,0.441970,0.323325,0.112270,0.221845,0.517046,0.356265,0.112823,0.255436,0.313711,0.547099,0.261168,0.382914,0.117349,0.472798,0.430447,0.224783,0.249172,0.297145,0.295394,0.377645,0.165788,0.397231,0.313410,0.109297,0.761974,0.170138,0.172095,0.135665,0.216737,0.165042,0.449114,0.513829,0.445555,0.152087,0.278974,0.295182,0.250040,0.240638,0.432949,0.097910,0.280641,0.471398,0.174159,0.187503,0.212745,0.228950,0.582086,0.029968,6.885493,2.404202,2.214180,0.920963,0.736459,0.584257
206,1113,0.785265,0.785265,0.772686,30239.400087,47,42,1417.277578,138.555156,0.626218,37.644596,0.563830,2.628914,2.442730,2.621700,44.862500,34.976953,-53.281413,160.923882,0.841647,8780376.735540,27.146341,41,52,0.785308,7207.116444,52.496556,39.277227,0.181555,0.001961,0.000660,0.000016,0.000000,0.000001,-0.000000,1,2.059282,0.647894,0.692711,-0.213830,1113,30239.400087,1417.277578,138.555156,44.862500,34.976953,160.923882,7207.116444,75.813198,89.793351,6.798827,0.081213,4.669849,0.013781,0.017961,0.026892,0.031681,0.039144,0.033773,0.030656,0.027457,0.029593,0.028653,0.025712,0.032408,0.032196,0.018011,0.023904,0.023908,0.031758,0.032432,0.028211,0.025397,0.022063,0.027320,0.027174,0.027996,0.019993,0.014030,0.014632,0.014419,0.015415,0.015310,0.013931,0.012275,0.015536,0.018820,0.015799,0.016310,0.019164,0.014059,0.016428,0.012290,0.014466,0.013864,0.012074,0.010948,0.011625,0.012564,0.010738,0.010238,0.010774,1.697964,2.494323,1.605670,0.412189,0.268676,0.190321,0.123365,0.100766,0.073249,0.048960,0.049602,0.029723,0.028759,0.029426,0.022942,0.020784,0.021544,0.016277,0.014104,0.013590,0.011507,0.009990,0.009166,0.007922,0.009479,0.009329,0.008146,0.007085,0.006528,0.006472,0.006794,0.006418,0.005381,0.005147,0.005447,0.005579,0.005406,0.004700,0.004796,0.004883,0.004275,0.004166,0.004737,0.005043,0.004596,0.004775,0.004791,0.003922,0.004028,0.004251,0.066980,0.084316,0.755808,0.101601,0.523134,0.086471,0.239732,0.204986,0.161857,0.081909,0.099566,0.790773,0.080528,0.216676,0.194684,0.348920,0.336863,0.177474,0.279204,0.121849,0.802330,0.064693,0.215773,0.173489,0.224259,0.225946,0.285094,0.366351,0.201398,0.149074,0.104535,0.738199,0.109990,0.324330,0.255219,0.254383,0.379810,0.254959,0.185797,0.319602,0.460252,0.248729,0.413347,0.387830,0.243119,0.373255,0.185560,0.163019,0.355449,0.491774,0.258621,0.254571,0.298443,0.459049,0.395376,0.290063,0.211620,0.130401,0.810943,0.097082,0.110713,0.079126,0.110361,0.468484,0.422795,0.474151,0.469232,0.324174,0.117691,0.121168,0.098705,0.115772,0.447998,0.202037,0.362508,0.467348,0.305336,0.113035,0.095929,0.131658,0.525459,0.042979,6.916313,0.931735,0.929178,0.997256,0.860998,0.522045
207,1076,0.761459,0.763330,0.813845,26397.886770,47,44,1667.697670,148.395340,0.320430,37.013589,0.520309,2.377909,2.017889,1.999630,40.605714,38.464659,-59.684213,189.929978,0.808715,9789850.656583,23.239130,47,51,0.645201,8258.231733,52.402219,44.000000,0.181543,0.000097,0.000233,0.000001,-0.000000,0.000000,0.000000,1,2.033030,0.676484,0.734945,-0.297706,1076,26397.886770,1667.697670,148.395340,40.605714,38.464659,189.929978,8258.231733,64.216080,54.623606,6.247231,0.059635,5.654668,0.022681,0.008630,0.011152,0.010447,0.012527,0.012891,0.015350,0.018139,0.019166,0.021843,0.026070,0.040060,0.063070,0.043150,0.051138,0.036653,0.036414,0.030766,0.021517,0.019391,0.021671,0.023742,0.022519,0.022337,0.019621,0.016881,0.022385,0.024855,0.030773,0.030597,0.025488,0.023607,0.022518,0.017042,0.013699,0.014919,0.017232,0.012133,0.014202,0.009783,0.009029,0.010028,0.011050,0.013388,0.014154,0.013207,0.009589,0.008192,0.006984,1.458555,2.187579,1.361622,0.254284,0.137264,0.131279,0.104223,0.096764,0.090099,0.048660,0.041224,0.045053,0.036277,0.022414,0.023671,0.021460,0.019153,0.017368,0.017475,0.016866,0.013806,0.013569,0.015175,0.013982,0.010407,0.011207,0.012544,0.008718,0.008816,0.008802,0.007557,0.007452,0.007812,0.008384,0.008366,0.007052,0.007314,0.006825,0.006366,0.006439,0.005965,0.005751,0.005853,0.006308,0.006838,0.006348,0.005700,0.005929,0.005702,0.006779,0.061658,0.060924,0.742798,0.084899,0.490804,0.071898,0.130383,0.344432,0.227680,0.043967,0.059090,0.778158,0.061520,0.087693,0.355731,0.309251,0.330977,0.214108,0.252819,0.088631,0.796302,0.056547,0.101380,0.364288,0.271652,0.071985,0.262622,0.284301,0.229134,0.094729,0.107463,0.679474,0.068048,0.151710,0.439773,0.404246,0.259090,0.205618,0.194093,0.382693,0.214255,0.490030,0.315796,0.411530,0.389033,0.340145,0.084094,0.209356,0.403336,0.282010,0.562335,0.297100,0.060762,0.427794,0.312035,0.549110,0.161508,0.097470,0.719746,0.076355,0.093721,0.064935,0.169298,0.305791,0.559559,0.448983,0.557430,0.185732,0.081194,0.082508,0.076597,0.165246,0.456109,0.108733,0.416719,0.607074,0.230204,0.125525,0.099539,0.103764,0.385384,0.029828,5.665246,1.009131,0.848598,0.840920,0.781316,0.445974
208,766,0.731324,0.530799,0.802097,6983.624746,44,39,1155.909680,124.819360,0.686097,31.229817,0.446387,2.396874,2.858540,2.150978,43.347361,31.535626,64.559495,159.781746,0.757043,10181576.233760,11.644659,38,39,0.662682,2514.477392,45.606565,38.205805,0.234150,0.005195,0.001617,0.000090,-0.000000,-0.000005,0.000000,1,2.187722,0.666857,0.678506,-0.083782,766,6983.624746,1155.909680,124.819360,43.347361,31.535626,159.781746,2514.477392,74.015161,98.080940,6.724709,0.077702,2.069964,0.014855,0.008026,0.010189,0.011008,0.016446,0.021215,0.027670,0.029283,0.036141,0.035221,0.029077,0.045045,0.059368,0.037610,0.067311,0.052576,0.051986,0.038334,0.024669,0.023344,0.025559,0.030066,0.026460,0.027030,0.019604,0.014007,0.016443,0.016166,0.016652,0.015179,0.016869,0.016665,0.015464,0.011331,0.008076,0.007792,0.008229,0.005662,0.008110,0.006714,0.008112,0.008352,0.006794,0.006455,0.006782,0.007355,0.006587,0.006927,0.006038,0.662200,1.137870,0.880579,0.421228,0.297986,0.255243,0.141430,0.059389,0.043058,0.038146,0.040114,0.031033,0.031871,0.029942,0.023856,0.018691,0.016225,0.013329,0.012132,0.011786,0.012914,0.012108,0.010339,0.009866,0.008473,0.007259,0.008473,0.007488,0.006634,0.006497,0.006584,0.006843,0.006601,0.006187,0.005332,0.004536,0.004812,0.005066,0.004952,0.004839,0.005039,0.004895,0.004226,0.004001,0.003802,0.003895,0.004397,0.004555,0.004238,0.004127,0.071192,0.054186,0.793299,0.080496,0.485476,0.099953,0.167939,0.172087,0.229555,0.078090,0.071950,0.838079,0.063124,0.106374,0.286627,0.327054,0.173735,0.227471,0.254309,0.100697,0.837180,0.062822,0.096075,0.260972,0.222735,0.059648,0.299773,0.248142,0.293858,0.186874,0.114971,0.749049,0.130053,0.152670,0.191922,0.407186,0.247371,0.293058,0.355307,0.466042,0.165071,0.364642,0.376986,0.195661,0.410939,0.460013,0.100302,0.289154,0.496799,0.166582,0.371723,0.331998,0.105689,0.400731,0.218198,0.366220,0.321973,0.122524,0.802390,0.099205,0.109061,0.098534,0.155933,0.252865,0.388521,0.580135,0.569396,0.105937,0.114714,0.133464,0.200986,0.204327,0.486538,0.093714,0.359687,0.553279,0.113614,0.128529,0.107614,0.186306,0.493239,0.030004,4.794039,1.328949,1.192612,0.897410,0.781187,0.514845
209,896,0.744633,0.681356,0.815819,12092.621755,46,38,1282.181101,129.362201,0.754559,33.776066,0.512586,2.832957,3.636194,2.299681,44.667563,29.312302,-61.384620,175.509668,0.807722,8158643.530044,17.209922,34,48,0.698809,3045.309064,50.999959,34.648232,0.198885,0.006265,0.000431,0.000212,0.000000,0.000009,-0.000000,1,2.145109,0.685157,0.706231,-0.031940,896,12092.621755,1282.181101,129.362201,44.667563,29.312302,175.509668,3045.309064,71.072690,83.768973,6.558911,0.072083,3.392490,0.015593,0.007292,0.009463,0.009672,0.012208,0.013636,0.013946,0.015070,0.020711,0.026088,0.023362,0.027474,0.031235,0.019099,0.029204,0.037190,0.047824,0.045225,0.035759,0.029968,0.023620,0.017692,0.015816,0.021280,0.021158,0.025327,0.027585,0.026075,0.029576,0.030019,0.027982,0.027720,0.031381,0.032496,0.031666,0.032133,0.024502,0.010551,0.009777,0.007274,0.007396,0.007662,0.008467,0.009028,0.009032,0.008533,0.007670,0.007676,0.006481,1.151376,1.917168,1.503809,0.723962,0.238690,0.110077,0.101964,0.103163,0.082480,0.052025,0.048902,0.043133,0.033187,0.024338,0.021488,0.019487,0.018721,0.016316,0.016409,0.017355,0.016253,0.012888,0.013542,0.014291,0.013494,0.011896,0.011414,0.010370,0.009644,0.009383,0.008607,0.009192,0.009309,0.008340,0.009099,0.009281,0.008564,0.007323,0.007134,0.006451,0.007010,0.007676,0.006897,0.007278,0.008007,0.008125,0.007998,0.007954,0.007402,0.007394,0.046677,0.037967,0.793262,0.078128,0.473665,0.043775,0.078261,0.326427,0.148512,0.037376,0.047108,0.827367,0.097868,0.136935,0.127200,0.285290,0.413438,0.122541,0.253478,0.089390,0.839696,0.099690,0.176296,0.139163,0.290941,0.157023,0.230174,0.224200,0.222849,0.110907,0.070027,0.730915,0.063392,0.096887,0.461997,0.348973,0.206767,0.226815,0.306943,0.465764,0.274316,0.241799,0.184022,0.561145,0.334940,0.345693,0.102402,0.295267,0.522039,0.377877,0.289465,0.206669,0.196880,0.449716,0.240148,0.406302,0.264099,0.085414,0.798466,0.073092,0.080746,0.080660,0.210437,0.244238,0.412192,0.669717,0.463752,0.136886,0.129119,0.093758,0.087291,0.234597,0.426240,0.104970,0.507111,0.505506,0.186940,0.150598,0.117049,0.109319,0.459698,0.029087,5.105132,1.581173,1.283533,0.811760,0.737066,0.542279
210,480,0.899791,0.906054,0.974948,8415.672220,27,23,502.902856,77.805711,0.453969,24.721549,0.772947,0.801401,1.020858,0.580882,26.278084,23.414227,-78.844533,81.597980,0.819560,4549104.102805,20.826087,23,27,0.954459,2165.573744,27.730305,23.000000,0.160961,0.000342,0.000017,0.000000,-0.000000,-0.000000,0.000000,1,1.924510,0.611867,0.678075,-0.460582,480,8415.672220,502.902856,77.805711,26.278084,23.414227,81.597980,2165.573744,61.424612,106.479167,6.186296,0.054841,-0.489340,0.019314,0.014130,0.019567,0.020843,0.022577,0.019904,0.019189,0.018790,0.019808,0.018676,0.014723,0.017605,0.022728,0.014106,0.023593,0.019468,0.027651,0.031709,0.032623,0.033602,0.038899,0.048302,0.042271,0.039157,0.025512,0.021692,0.026750,0.022406,0.021971,0.016813,0.015790,0.015995,0.016456,0.017087,0.015657,0.016289,0.018213,0.012042,0.015531,0.013686,0.016399,0.016044,0.013636,0.014459,0.014395,0.015260,0.013835,0.013474,0.010685,0.662649,1.404917,1.656926,1.130213,0.555868,0.155266,0.129294,0.112151,0.081684,0.050319,0.044391,0.037672,0.033183,0.025461,0.023619,0.020202,0.018384,0.016719,0.015168,0.012435,0.011265,0.011125,0.011527,0.009844,0.007725,0.007607,0.008710,0.007534,0.005915,0.005842,0.006949,0.006585,0.005327,0.004977,0.005748,0.005590,0.004863,0.004254,0.004512,0.005046,0.004686,0.004263,0.004425,0.004656,0.003965,0.003493,0.004119,0.004578,0.003999,0.003780,0.036572,0.037181,0.822229,0.066747,0.502223,0.046235,0.109578,0.187636,0.123215,0.040031,0.043895,0.927108,0.036431,0.084745,0.184615,0.193681,0.202120,0.126422,0.292606,0.085054,0.877330,0.048224,0.085550,0.183179,0.129102,0.048732,0.274220,0.219751,0.258125,0.152353,0.051220,0.817080,0.060639,0.172710,0.303840,0.256513,0.272524,0.345327,0.355730,0.259993,0.308622,0.405424,0.347764,0.376690,0.299807,0.564825,0.112114,0.235881,0.271139,0.324671,0.376367,0.219899,0.100226,0.483507,0.230777,0.334264,0.217495,0.089912,0.863195,0.061488,0.076205,0.069789,0.141614,0.332949,0.504527,0.556495,0.375429,0.315507,0.158788,0.103660,0.108994,0.191247,0.609070,0.130780,0.329944,0.317987,0.294814,0.150910,0.107495,0.132048,0.513094,0.072091,5.882499,1.757426,1.273841,0.724833,0.953525,0.771337
211,484,0.894628,0.907025,0.940083,8523.795368,27,23,505.129308,78.258617,0.453618,24.824342,0.779388,1.846577,1.361765,0.726962,26.401503,23.528926,88.966946,81.355339,0.820196,4553681.681177,21.043478,23,27,0.958170,2127.379808,27.856771,23.000000,0.161166,0.000342,0.000011,0.000000,0.000000,0.000000,0.000000,1,1.993456,0.616561,0.684812,-0.492053,484,8523.795368,505.129308,78.258617,26.401503,23.528926,81.355339,2127.379808,59.025633,106.351240,6.071767,0.050855,-0.672260,0.020670,0.011205,0.016696,0.018996,0.023239,0.024900,0.027223,0.026255,0.025261,0.023487,0.019428,0.020987,0.025702,0.015395,0.023005,0.017707,0.022466,0.024354,0.023250,0.023354,0.026912,0.036313,0.036448,0.039606,0.027380,0.025517,0.035364,0.032497,0.033295,0.025906,0.022042,0.019935,0.018289,0.016923,0.014300,0.015035,0.016549,0.011636,0.013935,0.012660,0.013642,0.012473,0.010876,0.011358,0.011453,0.012637,0.012141,0.011972,0.009996,0.670892,1.422771,1.676344,1.137319,0.547729,0.146365,0.128784,0.117508,0.085376,0.048771,0.042323,0.039115,0.035655,0.024674,0.021220,0.020243,0.020618,0.016964,0.014477,0.013579,0.013670,0.011948,0.010214,0.008989,0.009180,0.008994,0.008116,0.006564,0.006352,0.006674,0.006758,0.006082,0.005422,0.005604,0.006162,0.005445,0.004484,0.004428,0.005160,0.005297,0.004325,0.004027,0.004636,0.004821,0.004001,0.003506,0.003965,0.004506,0.004015,0.003354,0.053224,0.043883,0.820878,0.076450,0.506474,0.053252,0.069933,0.191401,0.121154,0.041583,0.045270,0.915087,0.041416,0.102126,0.166850,0.227751,0.222822,0.131649,0.224927,0.075492,0.869100,0.045753,0.094429,0.169665,0.206854,0.061068,0.319465,0.223472,0.265960,0.092120,0.063033,0.842252,0.071391,0.097338,0.309102,0.217620,0.249872,0.368186,0.342922,0.287764,0.327842,0.322026,0.405987,0.410188,0.239446,0.438657,0.116476,0.295225,0.285318,0.301697,0.310437,0.357271,0.098373,0.548391,0.234661,0.317913,0.127730,0.091483,0.891425,0.081464,0.063711,0.079840,0.086427,0.344868,0.535993,0.520366,0.427924,0.305581,0.120160,0.097525,0.102942,0.109292,0.524094,0.163809,0.383252,0.333977,0.257343,0.111024,0.095765,0.105111,0.584204,0.073126,5.949210,1.873229,0.737454,0.393681,0.961936,0.779388
212,2336,0.948552,0.807609,0.960657,97038.822881,57,61,2462.193172,179.386345,0.679837,54.537029,0.671844,1.004424,4.722173,0.923894,63.859029,46.831879,32.888162,189.202056,0.917128,9226741.508904,48.187500,48,62,0.948748,11077.025946,66.065900,47.598344,0.167715,0.002541,0.000010,0.000000,0.000000,0.000000,0.000000,1,2.006128,0.637596,0.693631,-0.343739,2336,97038.822881,2462.193172,179.386345,63.859029,46.831879,189.202056,11077.025946,72.907450,96.259846,7.068206,0.075568,3.399139,0.008951,0.018851,0.022994,0.021151,0.021534,0.017578,0.016258,0.015413,0.015483,0.015282,0.013849,0.015388,0.012511,0.008954,0.014365,0.014614,0.017194,0.017120,0.019407,0.021735,0.021514,0.022492,0.021056,0.023255,0.019662,0.021478,0.026714,0.022475,0.020558,0.015978,0.015955,0.015290,0.018833,0.021311,0.018731,0.026338,0.035573,0.027195,0.040656,0.034124,0.036883,0.031532,0.027499,0.026017,0.022498,0.022269,0.016822,0.015059,0.012553,6.046161,6.248363,1.922088,0.533004,0.246637,0.188354,0.134331,0.083525,0.069918,0.054249,0.051119,0.034817,0.034488,0.026491,0.026749,0.019616,0.020193,0.015982,0.015627,0.013780,0.013461,0.011899,0.010475,0.010609,0.008970,0.008985,0.007925,0.008231,0.006958,0.006818,0.006742,0.006699,0.006401,0.005782,0.006172,0.005674,0.005804,0.005336,0.005308,0.005130,0.005131,0.005045,0.004764,0.004776,0.004740,0.004512,0.004760,0.004650,0.004908,0.004614,0.133921,0.119184,0.677186,0.124163,0.509436,0.096978,0.190547,0.356341,0.248285,0.156870,0.161118,0.723535,0.142171,0.159050,0.365004,0.263288,0.342679,0.245849,0.314296,0.125198,0.754179,0.112140,0.165695,0.395560,0.168681,0.058392,0.297313,0.426674,0.276174,0.141510,0.210073,0.697745,0.179094,0.188046,0.126082,0.327628,0.431424,0.340827,0.272564,0.357813,0.373965,0.392515,0.262637,0.181215,0.315679,0.464093,0.207530,0.274724,0.283933,0.400442,0.391133,0.230027,0.183620,0.430683,0.345385,0.388374,0.199882,0.202497,0.756542,0.162293,0.185612,0.108647,0.062962,0.377145,0.474850,0.441955,0.371171,0.320083,0.221626,0.310029,0.205875,0.095459,0.513266,0.238111,0.408027,0.272216,0.299586,0.173037,0.280111,0.234097,0.431641,0.065256,12.346589,5.111162,4.701372,0.919825,0.948120,0.777218
213,1390,0.857554,0.692806,0.851799,44329.966737,47,45,1729.034317,147.068635,0.701563,42.069026,0.657210,2.421419,3.159125,1.696884,52.216915,37.210150,64.511960,183.095454,0.865565,9255306.521645,31.590909,44,50,0.803917,7055.771056,51.661383,43.905230,0.184723,0.003636,0.000205,0.000010,0.000000,0.000000,0.000000,1,2.030561,0.638796,0.672750,-0.275114,1390,44329.966737,1729.034317,147.068635,52.216915,37.210150,183.095454,7055.771056,74.462932,94.869065,6.928504,0.078571,3.374431,0.011534,0.020391,0.023564,0.021429,0.027128,0.022611,0.020710,0.022283,0.025135,0.027795,0.023781,0.025031,0.025897,0.022711,0.030833,0.027248,0.029359,0.027376,0.023804,0.023679,0.020880,0.021133,0.021550,0.021474,0.017566,0.017324,0.019641,0.016294,0.018399,0.016319,0.017874,0.022517,0.024664,0.019607,0.013485,0.012514,0.014591,0.010196,0.016040,0.014193,0.015491,0.017648,0.015809,0.018440,0.022086,0.023107,0.022571,0.020878,0.016947,2.314824,3.161276,1.733717,0.468814,0.284461,0.159274,0.118348,0.081996,0.077528,0.051113,0.061522,0.037137,0.037191,0.027174,0.026028,0.020956,0.020220,0.016859,0.014613,0.013256,0.012189,0.012836,0.011018,0.009634,0.010192,0.008140,0.009463,0.008287,0.007836,0.007372,0.007552,0.006247,0.006234,0.006130,0.005951,0.005804,0.005784,0.006071,0.006240,0.005797,0.005805,0.006319,0.005630,0.005028,0.005317,0.004598,0.004592,0.005241,0.005097,0.004585,0.101272,0.052731,0.751140,0.163138,0.509505,0.053221,0.141849,0.222410,0.253221,0.123771,0.120129,0.825178,0.140629,0.179567,0.227296,0.279907,0.210949,0.250594,0.290812,0.159703,0.826915,0.062892,0.200672,0.251890,0.204790,0.062093,0.229491,0.402548,0.160477,0.204103,0.169973,0.720857,0.179279,0.203606,0.160656,0.350157,0.422503,0.218460,0.319405,0.300531,0.430712,0.335286,0.301174,0.231345,0.373190,0.450268,0.178749,0.268454,0.284013,0.497030,0.335439,0.230834,0.216002,0.391248,0.378895,0.288029,0.219120,0.084589,0.792143,0.209682,0.172495,0.074831,0.107220,0.447556,0.310705,0.477187,0.350413,0.388574,0.209451,0.249570,0.231907,0.204285,0.456019,0.091815,0.357617,0.374570,0.338860,0.100674,0.165157,0.267122,0.540212,0.041463,7.591669,1.861721,1.304659,0.700781,0.803235,0.631818
214,474,0.947257,0.936709,0.947257,8125.729399,26,23,490.734298,76.468596,0.387978,24.566553,0.792642,1.345784,0.833120,1.149982,25.634829,23.626815,-89.341626,79.355339,0.821359,4434736.655052,20.608696,23,26,0.965899,2059.274929,26.925662,23.000000,0.159917,0.000169,0.000009,0.000000,0.000000,0.000000,0.000000,1,1.943153,0.611907,0.682353,-0.485369,474,8125.729399,490.734298,76.468596,25.634829,23.626815,79.355339,2059.274929,56.802449,104.578059,5.902435,0.047274,-0.881302,0.023518,0.013661,0.018624,0.019790,0.022503,0.020177,0.020317,0.021641,0.021696,0.021334,0.019194,0.023190,0.029688,0.018670,0.026958,0.021866,0.027107,0.028094,0.027071,0.025468,0.027969,0.035425,0.032909,0.036056,0.026710,0.023987,0.030645,0.027362,0.027350,0.020875,0.019006,0.018551,0.018761,0.018644,0.017164,0.018162,0.019250,0.011751,0.013783,0.011628,0.013224,0.013784,0.012265,0.013100,0.012914,0.013268,0.012756,0.013911,0.011741,0.664515,1.418654,1.690329,1.162608,0.567014,0.146675,0.124626,0.119936,0.088419,0.045739,0.039898,0.041413,0.038288,0.023962,0.020334,0.020584,0.020630,0.015847,0.012753,0.012521,0.013522,0.011174,0.009394,0.009352,0.009815,0.008946,0.007605,0.006780,0.007287,0.007191,0.006492,0.005838,0.005934,0.005780,0.005183,0.004812,0.005260,0.005046,0.004240,0.004233,0.004758,0.004842,0.004454,0.004532,0.004426,0.004107,0.003867,0.004184,0.004011,0.003712,0.048814,0.040605,0.825570,0.072164,0.510062,0.046163,0.070359,0.167812,0.117419,0.038876,0.044318,0.926177,0.037101,0.076304,0.179662,0.218562,0.194396,0.116973,0.291650,0.073791,0.875444,0.042860,0.082330,0.167547,0.199131,0.064791,0.250105,0.204843,0.250145,0.103491,0.063024,0.851570,0.062731,0.104466,0.274965,0.255257,0.230604,0.333259,0.332355,0.326871,0.296373,0.366137,0.405688,0.372488,0.305332,0.397278,0.091782,0.267117,0.299653,0.280052,0.326406,0.339717,0.112639,0.599612,0.225364,0.314843,0.156703,0.072025,0.889729,0.083641,0.067826,0.073808,0.108057,0.308047,0.501088,0.558249,0.429361,0.299087,0.138479,0.104681,0.098653,0.169410,0.466224,0.147477,0.388479,0.366944,0.269501,0.119036,0.107460,0.096467,0.606353,0.075271,5.973133,0.724463,0.619059,0.854507,0.963623,0.792642
215,3358,0.863921,0.867204,0.892569,151850.189908,70,70,3739.575416,217.150831,0.457790,65.387601,0.685306,3.100844,2.765173,2.215716,70.745504,62.897037,-32.908854,267.007143,0.919513,12672432.455366,50.014925,67,74,0.897963,16681.418824,75.601622,66.051852,0.166734,0.000381,0.000227,0.000008,0.000000,-0.000000,-0.000000,1,1.911425,0.624712,0.678794,-0.382875,3358,151850.189908,3739.575416,217.150831,70.745504,62.897037,267.007143,16681.418824,66.252124,102.188207,7.048154,0.063234,2.143497,0.008719,0.015614,0.019424,0.019404,0.024642,0.023317,0.021857,0.019153,0.019481,0.019393,0.014644,0.014664,0.018509,0.014819,0.028706,0.026466,0.032859,0.038706,0.035833,0.038700,0.034709,0.030074,0.019343,0.017782,0.014664,0.012292,0.017908,0.020727,0.021995,0.020275,0.017211,0.016655,0.016847,0.015521,0.011124,0.013898,0.018090,0.014798,0.022023,0.022284,0.024899,0.024815,0.020863,0.019847,0.019796,0.020740,0.015848,0.016175,0.012606,7.902971,5.521339,1.406622,0.471756,0.249433,0.156374,0.126174,0.088246,0.082900,0.059284,0.051258,0.035493,0.036517,0.026085,0.022524,0.020363,0.017675,0.016551,0.015189,0.016328,0.014026,0.013762,0.010934,0.010772,0.010372,0.008468,0.008228,0.007257,0.007472,0.007560,0.007917,0.007092,0.006702,0.006472,0.005942,0.005684,0.005597,0.005588,0.005399,0.005397,0.005632,0.005452,0.005271,0.005005,0.004946,0.004798,0.005005,0.005441,0.004989,0.004662,0.110101,0.118793,0.709539,0.089358,0.528162,0.067178,0.147448,0.334289,0.213017,0.114856,0.138992,0.756843,0.109714,0.125801,0.204990,0.393701,0.381347,0.156097,0.318316,0.114467,0.728535,0.114546,0.254586,0.265008,0.325160,0.112856,0.296948,0.318376,0.362619,0.159791,0.103547,0.696930,0.105054,0.159998,0.294064,0.349382,0.317494,0.420625,0.352217,0.395637,0.233744,0.302343,0.318616,0.354752,0.261290,0.378781,0.117948,0.269929,0.439094,0.451878,0.354459,0.221628,0.113905,0.430138,0.303684,0.467532,0.234265,0.096029,0.718744,0.149547,0.179091,0.184048,0.142063,0.277617,0.489741,0.552114,0.450646,0.124122,0.179786,0.257237,0.222693,0.108060,0.368336,0.117500,0.463765,0.554052,0.204526,0.159953,0.191283,0.141331,0.452204,0.047102,12.576443,1.247982,0.891748,0.714553,0.813277,0.675877
216,1835,0.859170,0.885917,0.874454,58971.228400,78,52,2646.440832,197.881664,0.339391,48.336266,0.452416,3.740138,4.222981,3.987466,52.009457,48.922460,84.431573,212.651804,0.884674,10199216.289717,35.921569,51,77,0.693384,9497.951714,79.246079,49.212939,0.173556,0.000112,0.000651,0.000090,0.000000,0.000001,0.000000,1,2.259445,0.689253,0.732030,-0.102393,1835,58971.228400,2646.440832,197.881664,52.009457,48.922460,212.651804,9497.951714,69.999414,113.160763,6.842392,0.070074,1.522773,0.010187,0.015525,0.021643,0.022109,0.025252,0.021214,0.021644,0.021076,0.020374,0.016076,0.011485,0.013842,0.019286,0.014130,0.018392,0.014624,0.016021,0.017272,0.020971,0.027636,0.036414,0.040951,0.038850,0.036146,0.022587,0.022188,0.031955,0.034884,0.035743,0.027951,0.020752,0.016391,0.019211,0.022323,0.019548,0.019533,0.019758,0.014343,0.020188,0.017052,0.015951,0.013199,0.009754,0.010775,0.013301,0.017275,0.016272,0.016106,0.012029,3.534508,4.266386,1.803579,0.418982,0.254502,0.146105,0.136160,0.067417,0.070154,0.054096,0.046022,0.034137,0.035723,0.026101,0.028514,0.020535,0.022419,0.017440,0.017443,0.015272,0.016121,0.013474,0.012436,0.012407,0.010752,0.010792,0.009462,0.009769,0.008520,0.008601,0.008295,0.007202,0.006914,0.007560,0.007084,0.006592,0.006562,0.007066,0.006350,0.006517,0.006506,0.006188,0.006207,0.005845,0.006345,0.006016,0.006853,0.006976,0.006553,0.006682,0.122239,0.071782,0.754960,0.112585,0.516257,0.071429,0.201860,0.243107,0.160596,0.115685,0.074797,0.834204,0.132209,0.150479,0.199656,0.318174,0.268639,0.178149,0.284632,0.094826,0.845157,0.103050,0.137768,0.185228,0.236075,0.111135,0.252407,0.270407,0.211470,0.252121,0.152297,0.743464,0.141461,0.203166,0.288304,0.313453,0.297303,0.323616,0.365071,0.285911,0.375312,0.331010,0.381983,0.300887,0.324021,0.472127,0.247751,0.357402,0.238374,0.338906,0.285697,0.387265,0.176254,0.391964,0.206081,0.356839,0.332920,0.126370,0.773938,0.170639,0.189079,0.113279,0.163425,0.252502,0.523723,0.507569,0.302221,0.313217,0.190311,0.335234,0.157840,0.203401,0.526449,0.296629,0.358564,0.300749,0.289896,0.135763,0.299991,0.182425,0.436001,0.040579,8.629130,1.059064,1.129098,1.066128,0.930543,0.466514
217,1959,0.871084,0.842322,0.887519,68694.981261,55,56,2457.939117,178.878235,0.513622,49.942730,0.636039,2.388850,2.550390,1.808125,55.318000,47.463769,56.920672,228.450793,0.885506,10522860.234682,35.400000,55,56,0.797009,10014.073122,63.654599,53.257298,0.169416,0.000663,0.000193,0.000008,0.000000,-0.000000,-0.000000,1,1.893464,0.645554,0.707634,-0.339613,1959,68694.981261,2457.939117,178.878235,55.318000,47.463769,228.450793,10014.073122,63.392088,84.948954,6.817137,0.058203,2.543484,0.011015,0.011555,0.014068,0.014370,0.016167,0.015697,0.017170,0.020225,0.029372,0.033908,0.031734,0.034255,0.038287,0.021888,0.019785,0.015016,0.020328,0.023600,0.023941,0.025760,0.031209,0.045569,0.037174,0.025300,0.017557,0.015438,0.017022,0.014338,0.020740,0.024438,0.021975,0.020900,0.019342,0.014351,0.012457,0.015795,0.027884,0.020982,0.025410,0.019108,0.016418,0.014015,0.013631,0.012933,0.013536,0.015737,0.014756,0.014471,0.010386,3.885752,4.299879,1.480041,0.337011,0.235834,0.128356,0.105747,0.085706,0.063293,0.061777,0.056736,0.043097,0.035468,0.032902,0.026432,0.020575,0.020985,0.018944,0.017841,0.013890,0.015346,0.013423,0.011584,0.012167,0.011832,0.010895,0.011224,0.009623,0.010402,0.009153,0.008179,0.008021,0.007900,0.008211,0.007267,0.007333,0.007872,0.006012,0.007189,0.006940,0.006532,0.006686,0.006509,0.006864,0.006484,0.006519,0.006719,0.006413,0.006293,0.006050,0.066617,0.053856,0.703368,0.107164,0.539295,0.113035,0.182583,0.304285,0.238554,0.062172,0.062032,0.765002,0.090568,0.196811,0.316349,0.324563,0.321157,0.227068,0.286381,0.088793,0.787019,0.067975,0.178857,0.280146,0.222766,0.087040,0.344105,0.281131,0.327014,0.142334,0.130285,0.783535,0.137840,0.087789,0.206225,0.305991,0.267550,0.352994,0.249433,0.407879,0.501561,0.351673,0.174379,0.239831,0.334760,0.516544,0.110404,0.202757,0.378720,0.383099,0.312391,0.170517,0.118618,0.498952,0.277906,0.437910,0.257795,0.103900,0.787969,0.105840,0.094415,0.071107,0.087638,0.300099,0.531212,0.485149,0.447320,0.369202,0.107807,0.119144,0.106938,0.136835,0.562450,0.139872,0.308531,0.450394,0.271328,0.098226,0.105533,0.129007,0.504966,0.037536,8.575151,1.410516,1.067622,0.756902,0.783006,0.632143
218,693,0.682471,0.310345,0.689655,6936.012596,44,28,951.274901,114.549803,0.902955,29.704461,0.562500,2.389924,5.009555,2.034031,51.134879,21.974500,-75.329347,147.403066,0.770480,8190344.661884,12.777189,25,45,0.728496,2267.701806,45.540821,24.513097,0.278967,0.036861,0.001421,0.000799,0.000001,0.000152,-0.000000,1,2.417216,0.656711,0.638748,0.296092,693,6936.012596,951.274901,114.549803,51.134879,21.974500,147.403066,2267.701806,63.275877,97.884560,6.374205,0.058002,0.118525,0.016652,0.011374,0.015376,0.015017,0.016910,0.013535,0.013150,0.014056,0.015196,0.018160,0.018904,0.022404,0.027571,0.019765,0.024622,0.022589,0.027644,0.028983,0.028935,0.029429,0.035564,0.043391,0.030725,0.030036,0.023830,0.021553,0.030078,0.030419,0.032028,0.025956,0.022578,0.025010,0.030219,0.027481,0.019888,0.022641,0.022506,0.013364,0.017824,0.011924,0.012479,0.011844,0.010559,0.010860,0.011064,0.011902,0.011034,0.011297,0.008326,0.647917,1.057752,0.971209,0.786177,0.495990,0.178378,0.114714,0.078959,0.080589,0.061226,0.050538,0.040806,0.033293,0.024790,0.020060,0.016099,0.018913,0.018165,0.011608,0.009325,0.013086,0.013381,0.011695,0.009635,0.009933,0.009833,0.009119,0.007137,0.006711,0.006574,0.006344,0.005902,0.005800,0.006613,0.006614,0.005736,0.005438,0.005720,0.005329,0.004981,0.005009,0.005246,0.005254,0.005094,0.005276,0.005051,0.004932,0.005174,0.004882,0.004657,0.045955,0.045264,0.853215,0.077006,0.439135,0.055691,0.159858,0.187893,0.071641,0.028940,0.037806,0.870131,0.045318,0.059410,0.154321,0.312812,0.330226,0.065612,0.246610,0.067507,0.868781,0.044421,0.073837,0.169733,0.217453,0.206347,0.231827,0.205848,0.196775,0.214900,0.073647,0.767945,0.089333,0.294844,0.368530,0.216401,0.144674,0.193449,0.490979,0.245915,0.136046,0.222473,0.498507,0.541800,0.173348,0.391915,0.121763,0.433879,0.317116,0.232166,0.285927,0.359297,0.352844,0.391805,0.221056,0.329882,0.367676,0.087483,0.798857,0.065863,0.114946,0.125262,0.167502,0.199089,0.355808,0.803830,0.336944,0.144604,0.054856,0.104306,0.123735,0.154844,0.408360,0.146590,0.597722,0.397131,0.216855,0.074908,0.085199,0.098353,0.476651,0.031895,4.701395,2.462870,2.096115,0.851086,0.777120,0.618667
219,348,0.771429,0.685714,0.840000,5149.070359,30,24,478.178208,78.356416,0.519378,21.049640,0.483333,1.638383,1.812240,1.189952,24.705164,21.111667,-26.718247,94.047727,0.723625,4905071.076539,13.461538,27,24,0.727762,1776.488456,30.264734,23.744865,0.189119,0.000869,0.000087,0.000111,0.000000,-0.000003,-0.000000,1,2.051807,0.652772,0.680193,-0.213788,348,5149.070359,478.178208,78.356416,24.705164,21.111667,94.047727,1776.488456,56.067427,76.563218,5.672238,0.046114,0.676100,0.029776,0.012813,0.018361,0.021427,0.029424,0.028752,0.030237,0.031422,0.034823,0.032347,0.023639,0.027559,0.027992,0.014444,0.023840,0.021981,0.028753,0.025943,0.022926,0.021202,0.019950,0.020691,0.020467,0.023842,0.019728,0.019142,0.026293,0.026888,0.029933,0.028540,0.023574,0.020750,0.019778,0.019723,0.016309,0.017405,0.017791,0.013856,0.019386,0.018145,0.017279,0.012209,0.008947,0.008356,0.008763,0.011901,0.011581,0.012136,0.008753,0.334091,0.736026,0.940593,0.737761,0.463664,0.174464,0.097323,0.066475,0.056651,0.051835,0.054591,0.046314,0.039328,0.024562,0.018185,0.018989,0.023718,0.021244,0.015947,0.013222,0.012761,0.010823,0.010209,0.012001,0.014547,0.013843,0.010875,0.008059,0.008273,0.008894,0.008015,0.006217,0.005758,0.006623,0.007676,0.007851,0.008315,0.008057,0.007060,0.005863,0.004783,0.004852,0.005542,0.006150,0.005802,0.005408,0.005073,0.005129,0.005296,0.005759,0.048666,0.043229,0.832105,0.073076,0.491290,0.048339,0.086815,0.182020,0.116839,0.046059,0.038145,0.931107,0.032831,0.117228,0.162334,0.192249,0.190907,0.121998,0.285194,0.079901,0.888086,0.038352,0.129636,0.164681,0.145924,0.057944,0.231371,0.200053,0.271535,0.143019,0.074336,0.861880,0.063577,0.093895,0.250353,0.204675,0.267577,0.365168,0.421687,0.368400,0.319601,0.326192,0.278359,0.334264,0.289393,0.581036,0.094141,0.262278,0.320740,0.310887,0.293139,0.214630,0.069050,0.498449,0.188936,0.295656,0.173495,0.106370,0.902464,0.071842,0.074933,0.070169,0.073008,0.305314,0.493873,0.591728,0.481519,0.176002,0.119186,0.110877,0.097899,0.117491,0.603163,0.104458,0.319618,0.336008,0.158031,0.096840,0.099488,0.084894,0.598970,0.039344,3.700249,1.522952,1.106115,0.726297,0.833156,0.540123
220,457,0.814004,0.818381,0.822757,7659.333789,34,25,605.150464,92.300928,0.546001,24.121991,0.537647,2.163091,2.074875,1.837364,28.293142,23.703566,-51.805997,98.290368,0.767367,5357534.494109,17.576923,26,35,0.755184,2292.193840,38.012060,23.597531,0.185911,0.001061,0.000678,0.000277,0.000000,0.000008,-0.000000,1,2.311648,0.653480,0.686218,-0.034307,457,7659.333789,605.150464,92.300928,28.293142,23.703566,98.290368,2292.193840,58.393071,103.481400,5.996260,0.049825,-0.653540,0.022586,0.007828,0.011538,0.011234,0.013451,0.013034,0.013352,0.014853,0.017658,0.019097,0.018303,0.022210,0.026750,0.017452,0.028503,0.028022,0.038598,0.042662,0.040745,0.041300,0.047348,0.052024,0.052120,0.056111,0.035528,0.030394,0.032808,0.023933,0.022236,0.017087,0.014160,0.014223,0.012948,0.012133,0.011277,0.013158,0.014029,0.010765,0.011800,0.010637,0.010410,0.009623,0.009155,0.009136,0.008209,0.008150,0.008241,0.008458,0.007309,0.504841,1.063227,1.233740,0.848674,0.437142,0.124199,0.117240,0.120929,0.099101,0.067761,0.048210,0.034028,0.035763,0.028142,0.019447,0.015525,0.019015,0.017524,0.012633,0.010768,0.012729,0.011900,0.010551,0.010484,0.009401,0.007442,0.008155,0.008867,0.008382,0.007664,0.007775,0.007359,0.006102,0.005380,0.006000,0.006236,0.005747,0.005111,0.005289,0.005935,0.005691,0.004785,0.004551,0.005188,0.005182,0.005128,0.005380,0.005342,0.004797,0.004766,0.037892,0.049583,0.830174,0.066193,0.503166,0.051905,0.094598,0.173113,0.088015,0.041366,0.046030,0.934258,0.043234,0.063523,0.143557,0.226740,0.193788,0.088607,0.260353,0.071380,0.892078,0.049077,0.070889,0.144952,0.172442,0.054434,0.264897,0.172856,0.182874,0.086239,0.039347,0.846125,0.089198,0.146525,0.318115,0.284847,0.216688,0.208020,0.249057,0.295312,0.324373,0.362897,0.437042,0.443957,0.368124,0.572330,0.073243,0.203823,0.305374,0.302180,0.318183,0.310244,0.108126,0.481433,0.196346,0.283572,0.224438,0.063757,0.874804,0.089097,0.059609,0.098615,0.200241,0.274615,0.368783,0.627965,0.381575,0.324913,0.178596,0.081483,0.146028,0.288465,0.598878,0.092666,0.364871,0.366566,0.293833,0.163691,0.096764,0.120012,0.477864,0.047304,4.649489,1.129267,0.959218,0.849416,0.939064,0.502198
221,4081,0.939267,0.904352,0.948611,207227.567212,84,72,4587.732278,241.464555,0.483010,72.083913,0.674769,1.986058,3.602039,1.987117,77.530044,67.886456,-65.949066,293.628463,0.929479,13628408.387812,58.942029,69,83,0.889546,24658.759200,84.528000,68.425299,0.162596,0.000461,0.000006,0.000001,-0.000000,0.000000,-0.000000,1,1.889722,0.637093,0.690229,-0.350929,4081,207227.567212,4587.732278,241.464555,77.530044,67.886456,293.628463,24658.759200,58.708047,93.636364,6.857514,0.050337,1.582832,0.009938,0.018123,0.021919,0.021766,0.023890,0.024480,0.023329,0.022923,0.022785,0.020582,0.015780,0.015467,0.014870,0.012488,0.018872,0.016569,0.020816,0.026016,0.036380,0.045265,0.036506,0.036916,0.030458,0.028954,0.023455,0.020052,0.026029,0.028762,0.031170,0.025363,0.021815,0.018371,0.014210,0.009248,0.009899,0.011632,0.013662,0.010424,0.014418,0.014262,0.015336,0.015931,0.016163,0.016120,0.017127,0.019843,0.017892,0.018576,0.015091,10.363110,5.652570,1.443903,0.425458,0.208535,0.146876,0.118114,0.090694,0.066642,0.060302,0.049797,0.037297,0.035644,0.024655,0.022435,0.023028,0.022259,0.018472,0.017916,0.016532,0.016265,0.012618,0.012862,0.012721,0.011803,0.010329,0.009591,0.010085,0.008865,0.008039,0.008049,0.008229,0.007644,0.007703,0.007333,0.007464,0.006948,0.006724,0.006052,0.005871,0.005723,0.005713,0.005510,0.005375,0.005721,0.005559,0.005584,0.005492,0.005629,0.005508,0.097537,0.114109,0.732563,0.107908,0.445047,0.084238,0.211484,0.383138,0.180249,0.094169,0.204057,0.714929,0.148218,0.109557,0.206585,0.460508,0.365665,0.126263,0.261886,0.189700,0.742575,0.135400,0.174403,0.268067,0.391469,0.118083,0.237086,0.335696,0.291102,0.297691,0.187605,0.626000,0.157532,0.257693,0.310111,0.315412,0.246146,0.358104,0.409009,0.402793,0.221647,0.293403,0.333091,0.425881,0.232603,0.370095,0.232764,0.295535,0.446913,0.354284,0.333459,0.228257,0.302100,0.376431,0.299135,0.452984,0.372680,0.151994,0.646922,0.162479,0.216295,0.166182,0.154994,0.190945,0.405256,0.677596,0.319190,0.153870,0.188865,0.244146,0.323144,0.122117,0.360633,0.156853,0.569157,0.408882,0.223756,0.152306,0.179920,0.339033,0.365564,0.047334,13.898516,1.812696,1.813662,1.000533,0.822347,0.710145
222,498,0.882470,0.880478,0.864542,9066.636398,34,25,558.284653,86.569305,0.554823,25.180812,0.585882,1.355140,1.680233,1.540686,28.196081,23.458255,87.162042,90.497475,0.809714,4833471.838682,20.080000,25,34,0.892018,2566.048644,34.364980,24.893324,0.168500,0.000940,0.000366,0.000027,0.000000,0.000001,0.000000,1,2.020356,0.635523,0.693554,-0.308911,498,9066.636398,558.284653,86.569305,28.196081,23.458255,90.497475,2566.048644,59.598167,108.142570,6.118694,0.051795,-0.739999,0.020492,0.008031,0.011159,0.011140,0.012802,0.011785,0.012631,0.013283,0.013181,0.014177,0.015343,0.021366,0.031433,0.025845,0.042225,0.038902,0.041263,0.041260,0.035941,0.029261,0.027826,0.034115,0.032477,0.031791,0.022395,0.021985,0.030144,0.029904,0.031994,0.028215,0.028115,0.028034,0.027715,0.027992,0.021952,0.018786,0.020020,0.014184,0.014106,0.009836,0.008820,0.008004,0.007151,0.007667,0.007627,0.007529,0.007133,0.007025,0.006431,0.659765,1.382525,1.598247,1.064916,0.509313,0.135350,0.112637,0.111795,0.088008,0.047376,0.041335,0.044578,0.042657,0.025796,0.020778,0.024288,0.025307,0.018159,0.013336,0.013696,0.014978,0.011940,0.009577,0.009199,0.009533,0.008027,0.006654,0.006666,0.007861,0.007436,0.005764,0.005262,0.006438,0.006804,0.005679,0.004973,0.005619,0.005714,0.005026,0.004852,0.004918,0.004937,0.004799,0.004992,0.004881,0.004676,0.004463,0.004677,0.004816,0.004864,0.029932,0.040292,0.826009,0.074858,0.498991,0.040674,0.071697,0.192483,0.129415,0.029163,0.032795,0.908304,0.043795,0.062703,0.180355,0.278807,0.203688,0.124324,0.236312,0.074291,0.885620,0.047841,0.068927,0.186224,0.255972,0.059738,0.208571,0.192562,0.253719,0.132675,0.058653,0.848479,0.061058,0.100694,0.294921,0.238196,0.209387,0.278477,0.434976,0.416768,0.137388,0.303817,0.475121,0.348428,0.239546,0.501566,0.082714,0.350794,0.407863,0.153262,0.304767,0.414226,0.101540,0.392318,0.226369,0.283677,0.171034,0.083041,0.898452,0.078161,0.075525,0.063872,0.094995,0.286278,0.414761,0.603789,0.562528,0.136287,0.083631,0.100427,0.101072,0.138365,0.602367,0.124472,0.424345,0.489179,0.126254,0.086031,0.105352,0.125165,0.390110,0.060807,5.502916,1.090575,1.239896,1.136920,0.956594,0.590588
223,1521,0.836292,0.579882,0.854701,24090.063169,54,51,2016.697154,160.394308,0.763710,44.006788,0.552288,2.475602,3.698063,1.873014,58.219614,37.584195,36.956663,217.444697,0.846896,11087965.767209,20.188466,45,56,0.754203,4929.886063,56.859307,45.398609,0.197195,0.006591,0.000206,0.000032,-0.000000,-0.000002,0.000000,1,2.079005,0.654305,0.686995,-0.231982,1521,24090.063169,2016.697154,160.394308,58.219614,37.584195,217.444697,4929.886063,78.840105,95.644970,6.814415,0.087250,4.226045,0.012597,0.013824,0.019416,0.018639,0.020031,0.018583,0.018011,0.017027,0.016388,0.018302,0.017567,0.023315,0.027137,0.020287,0.032041,0.027178,0.033219,0.029365,0.025730,0.025335,0.024288,0.026298,0.030668,0.036110,0.028333,0.025411,0.028587,0.024852,0.026862,0.025048,0.019231,0.013667,0.011512,0.012722,0.011679,0.018373,0.022730,0.015151,0.024492,0.021321,0.022432,0.018604,0.014717,0.012585,0.012012,0.012343,0.011552,0.014180,0.012845,2.325632,3.065520,1.470633,0.329760,0.169831,0.148604,0.143944,0.101441,0.068625,0.057933,0.050089,0.030577,0.030362,0.026741,0.027572,0.022969,0.021568,0.018348,0.018591,0.015692,0.014916,0.012232,0.011142,0.010999,0.010434,0.010781,0.010278,0.009691,0.008499,0.008287,0.007049,0.007271,0.007493,0.006470,0.006623,0.006826,0.006866,0.006420,0.005138,0.005244,0.005465,0.004584,0.005110,0.005538,0.005077,0.004963,0.004909,0.004432,0.004180,0.004548,0.115058,0.107053,0.747243,0.110567,0.496873,0.098392,0.195917,0.263751,0.200477,0.144190,0.136384,0.768733,0.073660,0.109429,0.383135,0.315730,0.256020,0.200582,0.305219,0.123099,0.770745,0.051144,0.112811,0.388060,0.213901,0.060997,0.286760,0.316576,0.405268,0.135199,0.109017,0.701145,0.130150,0.241370,0.239425,0.285034,0.349370,0.467505,0.207191,0.246686,0.318698,0.503080,0.263659,0.256881,0.255801,0.444282,0.168068,0.196563,0.274652,0.418139,0.521783,0.128545,0.120977,0.426657,0.267491,0.497376,0.131223,0.098428,0.780310,0.108282,0.124123,0.093391,0.097047,0.273878,0.626841,0.489128,0.337939,0.313582,0.144535,0.160485,0.162896,0.084230,0.388832,0.167920,0.460885,0.356276,0.362485,0.108433,0.128084,0.186479,0.535658,0.032169,6.994882,1.974392,1.493803,0.756589,0.737633,0.603571
224,6914,0.916606,0.833936,0.862263,471654.766366,140,98,9259.936116,361.872232,0.598205,93.825254,0.503936,3.305150,6.173509,5.115468,107.057229,85.789602,-73.526893,466.617316,0.933942,20960585.466913,72.831579,96,133,0.746657,46605.826622,141.717926,95.575175,0.170111,0.001374,0.000029,0.000006,0.000000,0.000000,-0.000000,1,2.069851,0.675277,0.729127,-0.242536,6914,471654.766366,9259.936116,361.872232,107.057229,85.789602,466.617316,46605.826622,58.798417,62.650709,6.819244,0.050484,3.844294,0.012003,0.015205,0.017158,0.015467,0.016021,0.016677,0.016303,0.014285,0.016751,0.023325,0.020706,0.024548,0.029296,0.017874,0.028224,0.021003,0.021627,0.021710,0.018737,0.025366,0.024543,0.030313,0.033798,0.037968,0.024078,0.029424,0.026595,0.023295,0.026626,0.019575,0.018916,0.017743,0.026056,0.032785,0.023587,0.022022,0.023279,0.014354,0.018231,0.014686,0.012970,0.012249,0.013698,0.016259,0.015026,0.015775,0.015052,0.016993,0.013820,13.980861,3.420302,0.700129,0.303324,0.229839,0.148759,0.112700,0.078458,0.073517,0.052248,0.045052,0.035332,0.035791,0.029965,0.024817,0.021896,0.021639,0.017561,0.017258,0.016151,0.016453,0.014417,0.012748,0.011970,0.010461,0.010348,0.010551,0.009652,0.009492,0.008814,0.008997,0.008759,0.008453,0.008503,0.008056,0.007665,0.007102,0.007197,0.006433,0.006806,0.007357,0.006866,0.006946,0.006381,0.006440,0.006563,0.006617,0.007144,0.006924,0.007054,0.118503,0.074875,0.637160,0.077310,0.488753,0.096628,0.209149,0.460209,0.254260,0.054770,0.059735,0.655799,0.074730,0.109072,0.289068,0.476751,0.468402,0.125003,0.291418,0.086328,0.677264,0.093393,0.265026,0.380805,0.366776,0.124861,0.273583,0.400591,0.212534,0.104547,0.078472,0.661804,0.095149,0.165457,0.292624,0.466073,0.224119,0.237607,0.169006,0.464825,0.311395,0.336128,0.457798,0.389026,0.278956,0.365427,0.091092,0.165751,0.438645,0.538827,0.375571,0.281318,0.124030,0.335215,0.354805,0.543154,0.335255,0.080687,0.632161,0.059234,0.068753,0.097675,0.206848,0.180303,0.519898,0.599686,0.536944,0.166056,0.070332,0.053713,0.067564,0.096397,0.328769,0.113579,0.430162,0.653371,0.316094,0.135960,0.115428,0.101329,0.353674,0.031755,14.817281,1.206832,1.867845,1.547727,0.775523,0.541902
225,767,0.400520,0.522757,0.451235,6281.360080,44,35,1165.543699,127.087397,0.335107,31.250196,0.498052,3.810306,2.570580,3.460823,40.995595,38.625230,-26.947580,176.852814,0.720702,11739558.859801,10.467170,42,40,0.658062,2478.146024,47.926105,35.000000,0.258182,0.000236,0.003565,0.000504,-0.000000,0.000004,-0.000001,1,2.144727,0.672886,0.675037,-0.049807,767,6281.360080,1165.543699,127.087397,40.995595,38.625230,176.852814,2478.146024,75.199471,96.916558,6.633232,0.080008,2.202635,0.014702,0.009149,0.014502,0.014969,0.015469,0.012213,0.010993,0.010767,0.012463,0.012787,0.011329,0.015663,0.021749,0.014047,0.026127,0.023854,0.032051,0.033935,0.028402,0.024103,0.025814,0.038697,0.041916,0.050122,0.044217,0.052037,0.061011,0.050476,0.047571,0.031677,0.025606,0.019040,0.015188,0.012806,0.012673,0.011636,0.011524,0.007261,0.010672,0.010584,0.009182,0.007886,0.007131,0.007212,0.007346,0.009743,0.009762,0.009962,0.006678,0.562988,0.951192,0.658197,0.337273,0.310085,0.265892,0.188033,0.088432,0.047408,0.034570,0.037785,0.036567,0.030218,0.019637,0.016907,0.013521,0.011970,0.009718,0.010101,0.013098,0.012218,0.008558,0.009137,0.009446,0.007449,0.005473,0.006151,0.006520,0.005475,0.004461,0.004797,0.005578,0.005153,0.004807,0.004970,0.004754,0.003951,0.003242,0.003270,0.003928,0.003875,0.004025,0.003842,0.003819,0.003852,0.003430,0.003029,0.003117,0.003360,0.003496,0.134526,0.137925,0.791842,0.089019,0.518352,0.046056,0.129422,0.148745,0.135111,0.148492,0.183218,0.833334,0.094831,0.097755,0.277371,0.333923,0.162585,0.128497,0.242486,0.119656,0.817855,0.090323,0.106261,0.285436,0.262683,0.070054,0.288378,0.263973,0.339041,0.189610,0.071862,0.783586,0.059183,0.095178,0.288494,0.253878,0.273401,0.353872,0.390876,0.517846,0.186149,0.319880,0.224768,0.334687,0.282072,0.409222,0.099641,0.299257,0.542970,0.211345,0.360058,0.215254,0.128716,0.448357,0.123425,0.249634,0.272786,0.093500,0.847055,0.077859,0.141611,0.273549,0.144378,0.136642,0.286390,0.578779,0.562233,0.135082,0.061887,0.189866,0.379400,0.214815,0.586551,0.093746,0.356897,0.534591,0.143363,0.071901,0.125265,0.170746,0.404273,0.024523,4.336940,0.742765,0.674639,0.908279,0.718605,0.457738
